0 1
1 814
2 817
3 12700
4 12700
5 12700
6 820
7 12700
8 12700
9 12700
10 823
703 12700
826 826
1097 829
1287 12700
1591 832
1895 835
1896 12700
1897 838
1898 841
1899 844
144 12700
258 847
491 850
1021 853
1418 856
1669 12700
1900 859
1901 862
1902 865
1903 868
121 871
127 12700
128 874
179 12700
247 12700
249 12700
264 12700
353 12700
424 12700
426 877
145 12700
176 12700
177 12700
753 12700
754 880
762 12700
2064 883
3002 886
520 889
665 12700
852 12700
1394 12700
1786 12700
1842 12700
1904 12700
1905 892
1906 895
1907 12700
124 12700
147 12700
246 898
248 12700
250 12700
251 12700
252 12700
11 12700
12 901
13 904
14 907
15 12700
16 910
17 12700
18 913
19 916
20 12700
21 12700
2074 12673
809 12670
123 12700
129 12700
143 12700
367 12700
427 12700
718 12700
1050 919
2254 922
2761 12700
3147 925
3169 928
3619 931
3893 12700
4408 934
4953 937
368 940
717 12700
856 12700
975 12700
1908 943
1909 946
1910 12700
92 949
1702 952
1711 955
1833 958
1916 961
1917 12700
1918 964
1919 967
1920 12700
1921 970
22 4
23 973
24 808
25 12700
26 811
27 12700
28 12700
29 12700
30 12700
31 12700
32 12700
1022 12700
901 976
960 979
1511 982
1624 985
1836 12700
1911 988
1912 991
1913 994
1914 997
1915 1000
846 12700
1516 1003
1517 1006
962 12700
1656 1009
2201 12700
126 12700
174 12700
637 12700
870 1012
1219 1015
1954 1018
2237 12700
2524 12700
2630 1021
3637 1024
3874 1027
957 1030
1028 12700
1199 12700
1459 12700
1699 12700
1700 12700
1701 12700
1703 12700
33 12700
34 1033
35 1036
36 12700
37 1039
38 12625
39 12700
40 1042
41 1045
42 1048
43 12700
725 1051
1376 1054
2002 1057
2007 1060
2167 1063
2168 1066
2169 1069
2170 1072
614 1075
1378 1078
1922 12700
1923 12700
1924 12700
1925 1081
1926 12700
1927 1084
1928 1087
1929 12700
1604 1090
1679 1093
1930 12700
1931 1096
1932 1099
1933 1102
1934 12700
1935 1105
1936 1108
44 7
45 1111
46 802
47 1114
48 1117
49 12700
50 1120
51 1123
52 805
53 1126
54 1129
101 12700
338 1132
2366 1135
2893 1138
3065 1141
3593 1144
3840 12535
3998 12700
3999 1147
55 12700
56 1150
57 1153
58 1156
59 1159
60 12700
61 12700
62 12700
63 12700
64 12700
65 12700
1937 1162
1938 1165
1939 1168
1940 1171
1941 12700
1942 12700
1943 12700
1944 1174
1945 12700
907 12700
1992 12700
1993 1177
1994 12700
1995 12700
1996 12700
1997 1180
1998 1183
1999 12700
1064 1186
1194 1189
1196 1192
1198 12700
1959 1195
1960 1198
1961 1201
1962 1204
1963 1207
1364 1210
1950 1213
1977 1216
1978 1219
1979 1222
1980 1225
1981 12700
1982 12700
1983 1228
91 12700
102 12700
106 1231
1946 12700
1947 12700
1948 12700
1949 1234
1951 1237
1952 1240
86 1243
2003 12700
2004 1246
2005 1249
2006 1252
2008 1255
2009 1258
66 10
67 12700
68 12700
69 1261
70 793
71 1264
72 796
73 12700
74 799
75 12700
472 12700
534 12649
1123 1267
2222 1270
2789 1273
3052 1276
3332 1279
3769 1282
3956 12700
152 1285
219 1288
346 12700
965 12700
1953 1291
1955 1294
1956 1297
1957 1300
1958 12700
1969 12700
1970 1303
1971 12700
1972 12700
1973 12700
1974 12700
1975 1306
1976 1309
190 1312
262 1315
1142 1318
1337 12700
1964 1321
1965 1324
1966 1327
1967 1330
1968 12700
76 12700
77 1333
78 12700
79 1336
80 12700
81 12700
82 1339
83 12700
84 1342
85 1345
898 12700
1157 1348
1894 1351
2203 1354
2204 1357
2205 12700
2014 12700
1067 1360
1984 12700
1985 1363
1986 1366
1987 12700
1988 1369
1989 12700
1990 1372
1991 1375
148 12700
351 12700
946 1378
2000 1381
2001 12700
87 12700
88 1384
89 12700
90 1387
93 1390
94 1393
95 1396
96 1399
97 1402
211 12700
914 1405
1476 12700
1776 1408
2010 1411
2011 1414
2012 1417
2013 1420
243 12700
2194 1423
2015 12643
2016 12646
98 13
99 1426
100 12700
103 1429
104 1432
105 12700
107 1435
108 12700
2017 12700
369 12700
422 12700
559 12700
2018 1438
2026 1441
2027 1444
2028 1447
2025 12382
363 1450
820 12700
1041 12700
1240 1453
2019 1456
2020 12700
2021 1459
2022 1462
2023 12700
2024 12700
324 1465
365 1468
1486 1471
2037 12700
2038 12700
2039 12700
2040 1474
2041 1477
2042 12391
2043 12700
109 16
110 12700
111 12700
112 12700
113 12700
114 1480
115 1483
116 12700
117 1486
118 1489
119 1492
1332 1495
1361 12700
2029 1498
2030 1501
2031 1504
2032 12700
2033 1507
2034 1510
2035 1513
2036 1516
1419 12700
1561 12700
1670 12700
1787 12700
1846 1519
2065 1522
2066 12700
2067 1525
2068 12700
2069 12700
1160 1528
2044 1531
2045 1534
2046 12700
2047 12700
2048 12700
2049 12700
2050 12700
1317 12700
510 1537
1089 12700
2051 1540
2052 12700
2053 12700
2054 1543
2055 12700
2056 12700
120 12700
122 12700
125 12700
578 1546
658 1549
1428 1552
1451 1555
2057 1558
2058 1561
2059 1564
2060 12700
2061 1567
2062 1570
146 12700
390 12700
423 12700
2063 1573
132 12700
222 1576
503 1579
1535 12700
2070 12532
2071 1582
2072 1585
2073 1588
2075 12700
696 1591
698 1594
755 1597
947 1600
2077 1603
175 12700
1246 1606
2076 1609
133 12700
778 1612
864 12700
2078 1615
2079 12700
2080 12700
2081 1618
2082 1621
2083 1624
130 12700
131 12700
134 1627
135 12700
136 12700
137 1630
138 12700
139 1633
140 1636
1466 12700
1831 12700
2092 12700
2093 12700
2094 12700
2095 1639
2096 12700
2097 1642
629 12700
253 12700
1193 12700
1531 12700
2084 12700
2085 1645
2086 12700
2087 12700
2088 12700
786 12700
1150 1648
1274 1651
2099 1654
2100 1657
2101 1660
2102 12430
2103 1663
470 1666
2480 1669
2984 1672
3219 1675
4463 12700
4944 12700
4945 1678
1728 12337
446 1681
842 1684
1096 1687
1598 1690
1752 12700
2089 12454
2090 1693
2091 12700
141 12700
142 1696
149 12700
150 1699
2098 1702
265 1705
667 12700
285 12700
3337 12700
5048 1708
5171 12700
5338 12700
5940 1711
5941 12700
5942 1714
1245 12700
238 12700
151 12700
153 1717
154 1720
155 12700
156 1723
157 1726
158 12700
159 1729
160 12700
161 1732
411 12700
813 1735
1688 1738
2104 1741
2105 1744
2106 1747
2107 1750
2108 1753
2109 1756
2110 1759
2111 1762
2112 12700
2113 1765
2114 12700
2115 12700
162 12700
163 1768
164 1771
165 12700
166 1774
167 12700
168 1777
169 12700
170 1780
171 1783
172 12700
531 12700
1165 12700
1390 12700
1865 1786
2123 1789
2124 1792
266 1795
818 1798
872 1801
1264 1804
1539 1807
2116 12700
2117 1810
2118 1813
2119 1816
2120 1819
2121 1822
173 12700
178 12700
180 12700
1575 1825
3066 12700
3344 12700
3715 12700
3849 12700
4539 12700
5209 1828
5325 1831
5483 1834
5584 1837
697 12700
700 12700
2122 1840
255 1843
256 1846
554 12700
871 1849
2125 1852
2126 1855
2127 1858
2128 1861
2129 1864
1489 1867
1490 1870
1524 1873
1766 1876
2130 1879
2131 1882
2132 1885
2133 12700
2134 12700
181 12484
182 1888
183 1891
184 1894
185 1897
186 1900
187 1903
188 1906
189 1909
191 12487
2190 1912
2365 1915
2367 1918
2368 1921
2369 1924
2370 12295
2371 1927
2372 1930
192 19
193 12700
194 784
195 12700
196 12700
2388 12700
2389 1933
2390 1936
2391 12700
1020 12538
2135 787
2136 1939
2137 790
2138 1942
2139 1945
2140 1948
2141 1951
558 12700
736 12700
659 12700
2142 1954
2143 12700
2144 1957
2145 12700
2146 12700
197 12700
198 12700
199 12541
200 1960
201 12700
202 1963
203 12544
204 1966
205 1969
206 1972
207 1975
412 12700
604 1978
1556 12700
2147 1981
2148 12700
2149 1984
2150 1987
2151 1990
714 1993
2152 1996
2153 12700
2154 1999
2155 2002
2156 12700
2157 2005
2158 12700
2159 2008
2160 2011
5973 12601
5974 12604
208 12700
209 12676
210 2014
212 2017
213 2020
214 2023
215 2026
216 2029
217 2032
976 2035
2429 2038
2430 2041
2431 2044
2432 2047
494 12700
621 2050
1358 2053
1412 12700
2161 2056
2162 2059
2163 2062
2164 12700
2165 2065
2166 2068
218 12700
220 2071
221 2074
223 2077
224 2080
225 12700
226 12700
227 2083
893 2086
1343 12700
1749 12700
1861 2089
2177 2092
2178 12700
2179 2095
2180 2098
314 12700
1114 2101
1564 12700
2171 2104
2172 12469
2173 12700
2174 12700
2175 2107
2176 12700
228 12700
229 12700
230 2110
231 2113
232 12700
233 2116
234 2119
235 2122
840 12475
1726 2125
2217 12700
2218 12298
2219 2128
2220 2131
2221 12700
2223 12700
236 22
237 772
239 775
240 12652
241 12385
242 778
244 12700
245 781
2181 12700
2182 2134
2183 2137
2184 12700
2185 2140
2186 2143
2187 2146
2188 2149
2189 2152
2191 2155
2192 2158
2193 12700
2195 12700
2196 2161
612 2164
1284 12700
2197 2167
2198 2170
2199 12700
2200 2173
2202 2176
776 2179
900 2182
1068 12700
1069 2185
1070 2188
1071 2191
1072 2194
1073 2197
1074 2200
326 12700
915 2203
916 2206
917 2209
918 12700
919 12700
920 2212
921 12493
922 2215
983 2218
1349 2221
1389 12700
1644 12700
4180 12700
4181 2224
513 2227
586 12700
873 12700
2206 2230
2207 2233
2208 2236
2209 2239
2210 2242
808 2245
1475 2248
2211 2251
2212 2254
2213 2257
2214 2260
2215 2263
2216 2266
254 2269
257 12700
259 2272
260 2275
261 2278
1137 12700
1233 2281
1300 2284
1301 12700
1302 2287
1303 2290
1304 2293
1305 12700
1306 2296
263 12700
267 12700
268 2299
269 2302
2224 12700
2225 12700
2226 12700
2227 2305
2228 12700
414 2308
2229 2311
2230 2314
2231 12700
2232 2317
2233 2320
2234 2323
270 12700
271 2326
272 2329
273 2332
274 2335
275 2338
276 12700
277 2341
278 2344
600 2347
1583 2350
1800 2353
2247 2356
2248 12700
2249 2359
279 12700
280 12700
281 2362
282 2365
283 12700
284 12700
286 2368
287 2371
288 12700
318 2374
552 2377
790 2380
967 12700
1202 2383
1259 12700
1620 12700
2235 2386
632 2389
779 2392
838 2395
1321 2398
1371 2401
1571 2404
1891 12700
1892 2407
2236 2410
1789 2413
2238 2416
2239 2419
2240 2422
2241 12700
2242 2425
311 12700
712 2428
955 12700
1197 2431
1227 2434
2243 12700
2244 12700
2245 2437
2246 2440
289 12700
290 2443
291 2446
292 2449
293 2452
294 2455
295 2458
296 2461
297 2464
298 12700
299 12700
352 12700
666 2467
378 12700
443 2470
774 2473
1573 12700
1704 12700
2250 2476
2251 2479
2252 12700
300 12700
301 2482
302 12223
303 12700
304 2485
305 12700
306 2488
307 12700
308 2491
309 2494
2519 2497
341 12700
764 12700
909 12700
1061 2500
1093 2503
1095 2506
2253 12700
2255 2509
587 2512
710 2515
1498 2518
1850 12700
2256 2521
2257 2524
2258 2527
2259 2530
711 2533
883 2536
1018 2539
2260 12700
2261 12700
2262 12700
2263 2542
2264 2545
2265 2548
2266 2551
310 25
312 2554
313 2557
315 2560
316 760
317 763
319 766
320 769
3677 2563
2267 12700
321 12700
322 2566
323 2569
325 12700
327 12700
328 2572
329 2575
330 2578
568 12358
1507 2581
2268 2584
2269 12700
2270 2587
2271 2590
2272 2593
1004 12700
2277 2596
2278 12682
2279 12700
2280 2599
2281 12700
2282 2602
2283 2605
2284 2608
627 2611
681 2614
822 2617
2273 2620
2274 2623
2275 12700
2276 2626
331 12700
332 2629
333 2632
334 12700
335 12700
336 2635
337 2638
339 12700
376 12328
843 2641
1587 2644
1888 12700
2285 12700
2286 12700
2287 2647
1052 2650
2319 2653
3590 2656
4152 12700
4153 2659
4154 12700
364 12496
1755 2662
340 12700
342 2665
343 12700
344 12700
345 12700
347 2668
348 12700
349 12700
350 12700
370 12700
862 2671
1805 12700
2288 12700
2289 2674
2290 12700
2291 2677
881 12700
2301 2680
2302 2683
2303 2686
2304 12268
2305 2689
2306 2692
2307 2695
751 12700
930 12700
1322 2698
1366 12700
2292 12700
2293 12700
2294 2701
2295 12700
473 12700
855 12700
1716 2704
2296 2707
2297 2710
2298 2713
2299 12700
2300 12700
432 2716
1734 12700
2328 2719
2329 12700
2330 2722
2331 2725
354 2728
355 12700
356 12700
357 2731
358 2734
359 12700
968 12700
2308 2737
2309 12700
2310 2740
2311 2743
2312 12700
2313 12700
2314 12700
572 12700
980 2746
1212 12700
2321 2749
2322 12700
2323 2752
2324 12700
2325 12700
2326 2755
2327 2758
633 2761
1334 2764
2332 12700
2333 12700
2334 2767
2335 2770
2336 12700
2337 12700
360 12700
361 2773
362 2776
366 28
371 12700
372 12700
373 2779
374 2782
375 2785
377 12700
379 2788
380 12700
2315 12700
2316 2791
2317 2794
2318 12700
2320 2797
2338 12700
2373 12145
1030 12700
1230 12700
1231 2800
1232 12700
1234 12700
1235 12700
1236 2803
381 12700
382 12700
383 2806
384 2809
385 12700
386 12700
387 12700
388 2812
389 12700
996 12700
2345 12700
2346 2815
2347 12700
2348 2818
2349 2821
2350 12700
2351 2824
2352 12700
1741 2827
2339 2830
2340 2833
2341 2836
2342 2839
2343 12700
2344 12361
609 2842
1077 12700
2360 12700
2361 12700
2362 12700
2363 2845
2364 12700
825 12700
1733 12700
2353 2848
2354 2851
2355 2854
2356 12700
693 12700
882 12700
951 2857
1383 12700
1538 2860
1792 12700
2357 2863
2358 12700
2359 2866
391 12700
392 12700
393 2869
394 2872
395 2875
396 2878
397 2881
398 12700
814 2884
944 2887
2381 12700
2382 2890
2383 2893
2384 12700
2385 2896
2386 2899
2387 2902
977 12700
2374 12700
2375 12700
2376 12700
2377 12700
2378 2905
2379 2908
2380 2911
399 31
400 2914
401 12700
402 2917
403 751
404 2920
405 754
406 12700
407 12700
408 757
409 12700
1217 12700
2392 12700
410 34
413 2923
415 12700
416 12700
417 748
418 12700
419 2926
420 2929
835 2932
1256 2935
1814 12700
2839 2938
3306 2941
5013 2944
5014 12700
5015 2947
769 12700
2532 12700
3029 2950
3215 2953
3485 2956
4254 2959
5484 2962
5501 2965
5502 2968
2393 12109
676 2971
799 2974
803 2977
1019 12700
640 2980
1002 12700
1477 12700
2434 2983
2435 2986
2436 2989
2437 2992
2438 2995
763 2998
1541 12700
2467 3001
2468 3004
2469 3007
2470 3010
2471 12700
421 37
2394 3013
2395 3016
2396 12700
2397 3019
2398 12700
2399 12700
2400 3022
2401 3025
2402 3028
2403 3031
2404 3034
2405 3037
2406 3040
2407 12700
2408 3043
940 3046
2409 3049
2410 3052
2411 12700
2412 3055
2413 3058
2414 3061
2415 3064
425 12700
695 12700
428 40
429 3067
430 12700
431 742
433 12700
434 12700
435 12700
436 3070
437 12700
438 12700
1415 12700
2416 3073
2417 3076
2418 3079
2419 3082
2420 12700
2421 3085
487 3088
2422 3091
2423 3094
2424 12700
2425 12700
2426 745
2427 3097
2428 12700
1370 12700
1565 3100
1824 3103
2433 3106
1090 12619
2500 12700
456 3109
1522 12700
2443 3112
2444 12700
2445 3115
2446 3118
439 43
440 12700
441 730
442 3121
444 733
445 736
447 739
448 12700
449 12700
1607 3124
1868 12700
2492 12700
2784 3127
3617 3130
4781 12700
5476 3133
878 12700
2439 3136
2440 12700
450 12700
451 3139
452 3142
453 3145
454 3148
455 12700
457 3151
2441 3154
2442 3157
458 12700
459 3160
460 3163
461 3166
462 3169
463 3172
464 3175
465 3178
466 12700
467 3181
468 3184
2447 3187
2448 3190
2449 3193
2450 3196
2451 12700
469 12700
471 3199
474 3202
475 12700
476 3205
477 3208
1267 12700
1485 12700
1487 12700
1488 3211
1491 3214
1492 3217
1509 3220
3205 3223
3309 12700
4207 12700
4282 12700
4828 3226
4829 3229
4830 3232
2481 3235
2482 3238
2483 3241
2484 3244
2485 12700
2486 12700
2487 3247
478 12700
479 12700
480 12700
481 12700
482 3250
483 3253
484 12700
485 12700
486 3256
488 3259
2452 12700
2453 12700
2454 12700
2455 3262
2456 3265
2457 3268
2458 3271
2459 12700
2460 12700
2461 12700
507 12700
722 3274
726 12700
1048 12700
2462 12457
2463 12700
1812 12082
532 3277
1352 12700
1764 3280
2493 3283
2494 12700
2495 3286
2496 3289
2497 3292
489 12700
490 12700
492 3295
493 3298
495 3301
496 12700
497 3304
498 3307
2464 12700
2465 12700
2466 3310
892 12700
924 12700
1372 3313
2475 3316
2476 3319
2477 3322
2478 3325
2479 3328
1471 3331
2472 3334
2473 3337
2474 12700
499 12700
500 12700
501 3340
502 3343
504 12700
505 12700
506 3346
2491 3349
508 12700
509 12700
511 3352
512 3355
514 3358
515 3361
828 3364
2488 3367
2489 3370
2490 12700
516 46
517 721
518 3373
519 724
521 12700
522 3376
523 3379
524 3382
525 727
577 12700
579 12700
580 12700
581 3385
582 12700
583 3388
526 12481
527 12607
1171 12547
1342 12550
2671 12553
2837 12556
2935 12559
3786 12562
4248 12565
4455 12568
4876 12571
4979 12574
4980 12577
528 12700
529 3391
530 3394
533 12700
535 3397
536 3400
571 12700
573 12700
574 12700
575 3403
576 12700
1329 12070
1330 12073
1482 3406
1512 3409
2498 12700
2499 3412
2501 12700
2502 3415
2503 12700
2504 12700
1132 12061
537 49
538 3418
539 709
540 3421
541 12283
542 3424
543 712
544 12700
545 715
546 718
547 12700
2534 3427
2505 12700
2506 12700
2507 3430
2508 3433
2509 3436
2510 12700
2511 3439
2512 3442
2513 3445
824 3448
1790 3451
2514 3454
2515 3457
548 12700
549 3460
550 3463
551 12700
553 12700
555 3466
556 3469
765 3472
982 12100
1288 3475
1311 3478
2516 3481
2517 3484
2518 3487
1547 12700
3141 3490
3283 3493
3312 12700
4477 3496
4515 3499
4516 12700
557 12700
5570 3502
5571 3505
756 12700
759 12700
819 3508
821 12700
823 12700
560 12310
561 3511
562 3514
563 12316
564 3517
565 3520
566 3523
567 3526
569 3529
570 3532
2582 3535
2583 3538
2584 3541
721 3544
804 12700
2521 3547
2522 3550
2523 12700
584 12700
979 12700
1353 3553
2892 12700
4318 3556
4319 12700
2520 3559
1827 12700
2953 3562
3171 12700
4846 12700
5235 3565
5236 12700
5237 3568
5238 12700
5239 3571
642 3574
1610 12700
2525 3577
2526 3580
2527 3583
2528 3586
1629 3589
1682 3592
2529 12700
2530 12700
2531 3595
2533 3598
910 12700
1275 12700
1427 12700
1782 12700
2539 3601
2540 3604
2541 3607
2542 3610
2538 12064
715 12700
1854 12700
2535 3613
2536 12664
2537 3616
585 12343
588 3619
589 12019
590 12022
591 12025
592 12028
593 12031
594 12034
595 12037
596 12040
597 12043
598 12046
599 12700
601 3622
602 3625
603 3628
605 12700
606 12700
1040 12700
1439 3631
1730 3634
2555 3637
2556 3640
2557 3643
607 12700
608 12376
610 12700
611 12700
613 12700
615 3646
616 3649
1392 3652
2558 3655
2559 12700
2560 3658
2561 3661
2562 12700
740 12700
1500 3664
2543 3667
2544 12700
2545 3670
1631 3673
2546 12700
2547 3676
2548 12700
2549 12700
2550 12274
2551 12700
617 12700
618 3679
619 3682
620 12700
622 3685
623 3688
624 3691
625 3694
626 3697
2552 3700
2553 3703
2554 12700
628 12700
630 3706
1426 12700
1429 12700
1430 12700
1431 12700
1432 3709
631 12700
634 12700
635 12700
2941 3712
2968 3715
3112 3718
5880 3721
6131 3724
6132 12700
6133 3727
668 12097
746 3730
747 12700
748 3733
749 3736
750 12700
636 52
638 3739
639 703
641 706
643 3742
796 3745
869 12700
874 12700
875 3748
876 12289
877 3751
644 55
645 12700
2563 3754
2564 3757
646 12700
647 58
648 3760
649 3763
650 3766
651 3769
652 12700
653 700
654 12700
655 12700
732 12700
1326 12700
2572 3772
2573 3775
2574 3778
2575 12700
798 3781
1023 3784
1365 12700
2568 3787
2569 12700
2570 3790
2571 3793
1032 3796
1411 12700
2565 3799
2566 3802
2567 3805
656 12700
657 3808
660 3811
661 3814
662 3817
663 3820
664 3823
1084 12700
1870 12700
2576 12700
2577 12700
1350 3826
2578 12700
2579 3829
2580 3832
2581 12700
669 3835
670 3838
671 3841
672 3844
673 3847
674 3850
675 3853
677 3856
678 3859
679 12700
680 12700
682 12700
683 3862
684 12700
685 12499
686 12700
687 3865
688 3868
1841 3871
1843 12700
1844 12700
1845 3874
690 3877
851 3880
1347 3883
2585 3886
2586 3889
2631 3892
2632 3895
2633 3898
1162 12700
1309 3901
2587 3904
2588 3907
2589 3910
2590 12700
2591 12700
2592 3913
689 12700
691 3916
692 3919
1628 3922
2602 3925
2603 3928
2604 3931
2605 3934
2606 12700
2607 12700
2608 3937
2609 3940
2610 3943
694 12700
699 12700
1690 3946
2593 12700
2594 3949
2595 3952
2596 12700
1441 12424
1589 12700
2597 12700
2598 3955
2599 12700
2600 3958
2601 3961
1027 12700
1653 12700
2611 12433
2612 12700
2613 3964
1056 12502
2614 12700
2615 12700
2616 3967
2617 12700
2618 3970
2619 3973
2620 3976
701 12700
702 3979
704 12700
705 12700
706 3982
707 12700
708 3985
1581 3988
2634 12700
2635 12700
2636 3991
2637 3994
2638 12700
2639 12700
2640 3997
2621 12700
2622 12700
2623 4000
2624 4003
1594 4006
1600 12700
1641 12700
2625 4009
2626 12700
2627 12700
2628 4012
2629 12700
3501 11968
4623 11971
4624 11974
1047 4015
1107 12700
1503 4018
1803 4021
2641 4024
2642 12325
2643 4027
2644 12505
709 12700
713 4030
834 4033
1195 4036
2645 4039
2646 12700
2647 4042
2648 4045
2649 4048
716 12700
942 12079
1885 12700
1886 4051
1887 4054
719 61
720 12700
723 697
724 12700
727 12442
2713 12076
1313 12508
1424 12700
1434 12700
2653 12700
2654 12700
3459 12700
3654 12700
3726 12700
4072 4057
5137 12700
5138 12112
5139 4060
728 12700
729 4063
730 4066
731 12700
733 4069
734 12700
735 4072
1156 4075
1258 12700
2655 4078
2656 4081
2657 12700
2658 4084
928 4087
1435 4090
2650 4093
2651 4096
2652 12460
2684 4099
2685 4102
2686 4105
737 12700
738 4108
739 12700
741 12700
742 12700
743 4111
744 4114
745 4117
2659 12700
2660 4120
2661 12067
2662 4123
2663 12700
1380 12700
1609 4126
2664 4129
2665 4132
2666 12700
1255 12700
1557 12700
2719 12700
2720 4135
2721 12700
2722 4138
2723 12700
2678 12700
2679 12700
2680 12700
2681 12700
2682 4141
2683 12700
2667 4144
2668 4147
2669 12115
2670 12700
2672 4150
2673 4153
817 4156
1417 12700
2674 4159
2675 4162
2676 12700
2677 4165
752 64
757 4168
758 4171
760 12700
761 4174
1454 12700
2707 12637
2708 4177
2709 12700
2710 12700
2711 4180
2712 12700
2687 4183
2688 4186
2689 4189
766 12700
767 12700
768 4192
770 4195
771 12700
772 4198
773 12700
1689 4201
2697 4204
2698 12700
2699 12700
1618 4207
1863 4210
2690 12700
2691 4213
2692 4216
2693 12700
2694 12700
2695 12700
2696 4219
1024 4222
1335 12118
2700 4225
2701 4228
2702 12700
2703 4231
2704 4234
1003 4237
1402 12700
1717 12700
2705 4240
2706 4243
2907 12700
775 67
777 12700
780 4246
781 4249
782 4252
783 4255
784 4258
785 4261
2714 4264
2715 12700
2716 12700
2717 4267
2718 12700
787 12700
788 4270
789 4273
791 4276
792 4279
793 4282
794 4285
795 4288
797 70
800 4291
801 12700
802 4294
1866 12700
1867 12700
2724 4297
2725 4300
2726 4303
2727 4306
2728 12700
805 12700
806 4309
807 4312
810 4315
811 12700
812 4318
815 4321
816 12700
2738 4324
2739 4327
1151 4330
2729 12613
2730 4333
2731 4336
2732 12700
2733 12700
1129 12700
4695 12700
4844 4339
4878 4342
5224 12700
5628 4345
5629 12700
1223 12700
1224 4348
1873 4351
2734 4354
2735 12700
2736 4357
2737 4360
894 4363
1323 12700
1324 4366
1325 12700
1327 4369
1328 12700
827 4372
829 4375
830 12700
831 4378
832 4381
833 4384
886 12700
836 12700
837 11941
839 4387
841 4390
844 4393
845 12700
847 4396
848 12700
849 4399
850 4402
853 4405
854 4408
938 12700
2748 12700
2749 4411
2750 12700
2751 12700
2752 4414
857 4417
858 12700
1705 4420
1706 12700
1707 12700
1708 4423
1709 12700
859 12700
860 4426
861 4429
863 12700
865 4432
866 12700
867 12700
868 12700
1481 4435
1775 4438
2740 4441
2741 4444
2742 4447
2743 12700
1333 12700
2744 4450
2745 4453
2746 4456
2747 4459
1351 4462
1408 4465
1860 12697
2763 4468
2764 4471
2765 4474
1738 4477
2766 4480
2767 12700
2768 4483
2769 4486
2770 12700
1145 4489
1146 12277
1147 4492
1148 4495
1149 4498
1152 4501
1153 4504
1367 4507
1762 4510
2753 4513
2754 4516
2755 4519
1336 12226
2756 4522
2757 12700
2758 4525
2759 4528
2760 4531
1655 4534
2762 4537
879 4540
880 4543
884 4546
885 12700
2771 4549
2772 4552
2774 12700
2773 12700
887 12700
888 4555
889 12010
890 4558
891 4561
895 4564
1671 4567
2775 4570
2776 4573
2777 12700
2778 4576
2951 4579
2959 4582
2960 4585
2961 12700
896 73
897 4588
899 688
902 12700
903 691
904 12700
905 694
2785 4591
1272 4594
2779 12700
2780 4597
2781 12451
2782 4600
2783 4603
2791 4606
2792 12121
2793 4609
2794 12700
2795 4612
2796 12700
906 12700
908 12700
911 4615
912 4618
913 4621
1292 12700
1397 12700
2804 12700
2805 4624
2806 4627
2807 12700
2808 12700
2786 4630
2787 4633
2788 4636
2790 12700
2797 12700
2798 12700
2799 4639
2800 4642
2801 4645
2802 4648
2803 12700
1213 4651
2818 4654
2819 12700
2820 4657
2809 12229
2810 12232
2811 12235
2812 12238
2813 12241
2814 12244
2815 12247
2816 12250
2817 12253
923 12700
925 4660
926 12700
927 4663
2821 12700
2822 12700
2823 12700
929 76
931 4666
932 4669
933 4672
934 682
935 4675
936 685
937 12700
939 4678
941 4681
943 4684
945 12700
6087 11914
2846 4687
3777 4690
4409 4693
4410 4696
4411 4699
948 79
949 646
950 649
1661 4702
2829 12700
2830 658
2831 661
2832 664
2833 4705
2834 667
2835 670
1570 12400
1747 4708
2824 652
2825 4711
2826 12700
2827 655
2828 12700
952 12700
953 4714
954 4717
956 4720
958 12700
959 4723
2838 4726
2840 4729
2841 4732
2842 4735
2843 4738
2836 11911
1249 4741
1540 12700
3491 4744
4123 4747
4892 12700
4973 12700
4974 4750
961 82
963 12700
964 637
966 640
1228 12700
1777 4753
1778 4756
1779 12124
1780 12700
1781 4759
1783 4762
1784 12700
1054 4765
1124 12700
2851 4768
2852 12700
2853 4771
2854 4774
2844 4777
2845 643
2847 12700
2848 4780
2849 4783
2850 4786
1208 4789
2871 12700
2872 4792
2873 12700
2874 4795
2875 12700
2876 4798
2855 4801
2856 4804
2857 4807
2858 4810
2859 12700
2860 12700
2861 12700
969 12403
970 4813
971 4816
972 12700
973 4819
974 4822
2862 12700
2863 4825
2864 12700
978 12700
981 12700
2865 4828
2866 12700
2867 4831
2868 12700
2869 4834
2870 12700
1140 4837
2877 4840
2878 4843
2879 12700
2880 4846
2881 12700
2882 4849
1318 12700
1319 12700
1320 4852
1143 12700
2883 12700
2884 4855
2885 12700
2886 12700
3028 4858
3030 4861
3031 4864
984 12700
985 4867
986 12700
987 4870
988 12700
989 12700
990 12700
991 4873
2887 12700
2888 12700
2889 4876
2890 12700
2891 4879
2894 4882
2895 4885
2896 4888
2897 12700
992 85
993 4891
994 88
995 4894
997 12349
998 12700
1829 12511
2902 4897
1536 12667
1735 12700
2898 12700
2899 4900
2900 12700
2901 12700
999 91
1000 631
1001 12523
1005 12700
1006 4903
1007 4906
1008 634
1100 4909
1291 4912
2931 12463
2932 4915
2933 4918
2934 4921
2936 12088
1440 12700
1760 4924
2903 12700
2904 12700
2905 4927
2906 12700
2908 4930
2909 4933
2910 4936
2911 4939
1009 12700
1010 12700
1011 4942
1012 4945
1013 12700
1014 4948
1015 12700
1016 4951
1017 4954
1191 12700
2920 4957
2921 12700
2922 12700
2923 4960
2924 4963
2925 4966
3044 11902
2912 4969
2913 4972
2914 4975
2915 4978
2916 4981
2917 4984
2918 4987
2919 4990
1533 12700
2926 11995
2927 12700
2928 4993
2929 4996
2930 12700
1025 12700
1026 12700
1029 12700
1031 4999
3191 12700
3462 12700
5106 12700
5107 5002
5108 5005
2937 5008
2938 12700
2939 12700
1221 5011
1316 5014
1750 12700
2952 12700
2954 5017
1798 5020
2940 5023
2942 12700
2943 5026
2944 12364
2945 5029
2946 12700
2947 5032
2948 12700
2949 12700
2950 5035
1033 12700
1034 5038
1035 5041
1036 5044
1037 5047
1038 5050
1039 12700
1176 12700
1651 12700
2955 5053
2956 5056
2957 5059
2958 12700
1055 12700
2962 12700
2963 5062
2964 5065
2965 5068
2966 5071
2967 5074
1042 5077
1043 12418
1044 5080
1045 5083
1046 12700
3146 5086
4264 12421
1049 5089
1051 5092
1053 5095
2969 5098
2970 5101
2971 5104
1057 12700
1058 5107
1059 12700
1060 5110
1062 5113
1063 12700
1065 5116
1066 5119
2987 5122
2988 12700
2989 12217
2990 5125
2991 12700
2992 12700
2993 5128
2994 5131
2995 5134
2976 12406
2977 12409
2972 5137
2973 5140
2974 12700
2975 12259
1075 94
1076 5143
1078 5146
1079 5149
1080 625
1081 12256
1082 12700
1083 628
1720 5152
2978 5155
2979 5158
2980 5161
2981 5164
2982 5167
2983 5170
1085 5173
1086 12700
1087 12142
1088 5176
1457 5179
2985 5182
2986 12700
3109 5185
1374 5188
1568 5191
3110 5194
3111 5197
1091 12700
1092 5200
1094 12700
1098 97
1099 616
1101 619
1102 5203
1103 12397
1104 5206
1105 622
1106 5209
1108 100
1109 5212
1110 604
1111 607
1112 610
1113 613
1115 5215
1116 5218
1645 5221
3018 12514
3019 5224
3020 5227
3021 5230
3022 5233
1117 103
1118 12700
1119 598
1120 5236
1121 601
1122 5239
2996 5242
2997 12700
2998 5245
2999 5248
3000 5251
3001 12286
1125 5254
1126 12661
1127 5257
1128 5260
1130 12700
1131 5263
1133 5266
3148 5269
3158 11890
1134 12322
1135 12700
1136 12700
1138 12700
1139 12700
1141 12700
1144 12700
3003 12700
3004 12700
3005 5272
3006 5275
3007 5278
3008 5281
3015 5284
3016 12700
3017 5287
3009 12700
3010 12700
3011 12700
3012 5290
3013 5293
3014 12700
3023 12700
3024 12700
3025 5296
3026 12700
3027 12700
1852 5299
1890 12700
3032 12700
3033 12700
3180 5302
1154 12700
1155 12700
1158 12700
1159 5305
3034 12700
3035 5308
3036 5311
3037 12700
3038 12700
3039 12700
3040 12700
3041 12700
3042 12700
3043 12700
1161 106
1163 12700
1164 5314
1166 5317
1882 12700
4494 5320
4495 5323
4496 5326
4497 5329
4498 5332
4499 5335
3055 5338
3056 12700
3057 5341
3058 12700
1167 12700
1168 12700
1169 5344
1170 5347
3045 12700
3046 12700
3047 5350
3048 5353
3049 5356
1172 12700
1173 12700
1174 12700
1175 5359
1177 5362
1178 5365
1179 5368
1180 5371
3781 12700
3865 12700
5009 5374
3050 5377
3051 5380
3053 5383
1181 109
1182 574
1183 577
1184 12184
1185 580
1186 583
1187 586
1188 589
1189 592
1190 595
3054 5386
1331 12700
1339 12700
1340 5389
1341 12700
1344 12610
1192 12700
4711 5392
5518 5395
5519 5398
5520 5401
1382 12700
3059 12700
3060 12700
3061 12700
3062 5404
3063 12700
3064 5407
1200 112
1201 523
1203 5410
1204 526
1205 529
1206 532
1207 535
3105 12208
3098 12700
3099 565
3100 12700
3101 568
3102 12700
3103 571
3104 5413
1849 5416
3067 12700
3068 562
3069 5419
3070 5422
3071 5425
3072 538
3073 541
3074 544
3075 547
3076 5428
3077 12700
3078 550
1209 12700
1210 5431
1211 12214
1214 5434
1215 5437
1216 12700
1385 12700
1724 12700
3079 5440
3080 12700
3081 12700
3082 5443
3083 5446
1218 115
1220 5449
1222 118
1225 517
1226 520
1229 12700
3156 12700
3905 5452
3981 12700
5192 5455
5311 5458
5312 5461
3323 12700
4906 5464
4907 5467
3084 5470
3085 5473
3086 12700
3087 12700
3088 12700
3670 12700
4540 5476
1881 12700
3089 5479
3090 5482
3091 5485
3092 12700
3093 5488
3094 5491
3095 12700
3096 12700
3097 5494
1237 121
1238 505
1239 5497
1241 508
1242 511
1243 12700
1244 514
3106 12013
3107 5500
3108 5503
1247 124
1248 12127
1250 12700
3113 12445
1251 12700
1252 5506
1253 12700
1254 12700
1257 5509
3119 5512
3115 12700
3116 5515
3117 12700
3114 12106
3118 5518
1260 127
1261 5521
1262 5524
1263 502
1265 12700
1266 12700
1268 5527
1269 5530
1270 5533
1271 5536
1273 12700
3120 12700
3121 5539
3122 5542
3123 5545
3124 5548
3125 5551
3126 12700
3127 12280
1276 12700
1277 5554
1278 12700
1279 12700
1280 5557
1281 12700
1282 5560
1283 5563
1285 5566
3128 5569
3153 5572
3154 5575
3155 5578
3157 5581
1299 5584
3709 5587
3841 5590
5199 5593
3129 12700
3130 5596
3131 5599
3132 5602
3133 5605
3134 5608
3135 12700
3136 5611
1286 130
1289 12700
1290 12700
1293 499
3137 12700
3138 12700
3139 5614
3140 12700
3142 12700
3143 5617
3144 5620
3145 5623
3149 12700
1294 133
1295 490
1296 493
1297 12700
1298 496
1504 12700
1763 5626
1765 12700
1345 5629
1346 12700
1348 5632
3150 5635
3151 5638
3152 12700
1307 136
1308 472
1310 12700
1312 475
1314 478
1315 481
3181 5641
3182 484
3183 487
1534 12700
3163 12700
3164 5644
3165 5647
3166 5650
3167 5653
3168 5656
3159 5659
3160 12700
3161 5662
3162 5665
3199 5668
3200 12700
3201 5671
3192 12700
3193 12448
3194 12700
3170 5674
3172 12130
3173 5677
3174 12700
1338 12700
3175 5680
3176 12700
3177 5683
1725 5686
1727 5689
1530 5692
3178 12700
3179 12700
1754 5695
3204 5698
3195 5701
3196 5704
3197 12700
3198 5707
3184 5710
3185 5713
3186 5716
3187 5719
3188 5722
3189 5725
3190 12700
1354 12700
1355 5728
1642 5731
3202 12700
3203 5734
1356 12700
1357 5737
1359 12700
1360 12700
3206 12700
3207 12700
3208 12700
3223 12175
3237 5740
3238 5743
3239 5746
3240 5749
3241 5752
1362 12700
1363 5755
1368 5758
1369 12700
3209 5761
3210 12700
3211 5764
3212 5767
3213 12700
3214 5770
3216 5773
3217 5776
3218 11920
1767 12700
1817 5779
3220 12700
3221 11872
3222 12700
1373 5782
1375 5785
1377 12700
3224 12052
3225 12700
3226 5788
1379 12700
1381 5791
1384 5794
1386 5797
1387 12700
1437 5800
3235 12304
3236 12700
3335 11875
3552 12700
4132 5803
4170 5806
4825 12700
5241 12700
5428 5809
5487 12262
5494 5812
5717 5815
5785 12700
5786 5818
5787 5821
5788 12700
3227 5824
3228 12700
3229 5827
3248 5830
3249 5833
3250 12679
3251 5836
3252 5839
3253 5842
3280 5845
1388 12700
1391 5848
1393 12700
1395 5851
1396 12700
3230 5854
3231 5857
3232 12700
3233 12700
3234 5860
1409 12700
3281 12700
3288 5863
3289 5866
1398 139
1399 457
1400 12700
1401 12700
3242 5869
3243 5872
3244 12700
3245 5875
3246 460
3247 12700
3262 5878
3263 5881
3264 5884
3265 5887
3266 12700
3267 5890
3268 5893
3254 12412
3255 12700
3256 12700
3257 12700
1444 5896
3258 12700
3259 12700
3260 12700
3261 5899
1403 142
1404 12700
1405 5902
1406 451
1407 5905
1410 454
3274 5908
3275 5911
3276 12700
3277 5914
3278 5917
3279 5920
1413 12700
1414 12700
1416 5923
3269 12700
3270 12700
3271 11878
3272 5926
3273 12700
1420 5929
1421 5932
1422 5935
1423 5938
1425 5941
3282 5944
3284 12700
3285 12700
3286 5947
3287 5950
3951 5953
4635 12187
4970 5956
1546 12700
3295 12700
3296 12700
3297 5959
3290 5962
1433 12700
1436 5965
1438 12700
3291 5968
3292 5971
3293 5974
3294 5977
1718 5980
3302 5983
3303 5986
3304 12700
3305 12700
3298 5989
3299 5992
3300 5995
3301 11887
1442 12058
1443 11842
5490 11836
5491 11839
1445 145
1446 436
1447 5998
1448 439
1449 442
1450 445
1452 448
1453 148
1455 433
1456 6001
1458 12700
3307 6004
3308 6007
3310 12700
3311 12700
1460 6010
1461 11830
1462 151
1463 409
1464 412
1465 415
1467 418
1468 421
1469 424
1470 427
1472 430
3313 6013
3314 6016
3315 12700
3316 6019
1473 12700
1474 154
3317 6022
3318 6025
3319 6028
3320 6031
3321 12700
3322 6034
1478 157
1479 403
1480 6037
1483 406
1484 12700
3324 6040
3325 6043
1493 12199
1494 160
1495 6046
1496 11824
1497 163
1499 397
1501 6049
1502 400
1505 6052
3326 12700
3327 12700
1506 12628
1508 6055
1510 6058
1513 6061
1514 6064
1515 6067
1518 12700
1519 12700
3348 12700
3349 6070
3350 12700
1520 166
1521 388
1523 391
1525 394
1526 6073
3328 6076
3329 6079
1527 169
1528 12466
1529 12700
3330 6082
3331 6085
3333 12700
1532 6088
1537 12700
1822 6091
4172 6094
4301 12700
4359 12700
4793 12700
4818 6097
4891 12700
5414 12700
5895 12700
5916 6100
6061 6103
6062 12700
1608 6106
3334 6109
3336 6112
1542 6115
1543 6118
1544 12700
1545 6121
3347 6124
3338 12700
3339 6127
3340 6130
1837 11812
1548 12700
1549 12700
1550 12700
1551 6133
1552 6136
1553 6139
1554 6142
1555 6145
1636 12700
3342 6148
3343 12151
3345 6151
3346 12700
3360 12700
3361 6154
3362 6157
3363 12700
3341 12700
3373 12700
3374 12700
3375 6160
3376 6163
1558 6166
1559 12700
1560 6169
1562 172
1563 6172
1566 379
1567 382
3351 6175
3352 6178
3353 385
3354 6181
3355 12700
1569 12700
1572 12700
1574 6184
1576 6187
3356 12700
3357 6190
3358 12700
3359 12352
3408 12700
1577 12055
1578 6193
1579 175
1580 373
1582 376
1791 6196
1797 6199
3371 12700
3372 6202
1584 11896
1585 12700
1586 12700
1588 6205
1590 12700
1592 6208
1593 6211
3364 12700
3365 6214
3366 6217
3367 6220
3368 6223
3369 12700
3370 6226
1595 11965
1596 178
1597 6229
1599 6232
1601 12700
1602 12700
1603 370
1605 12700
1606 6235
1611 6238
1612 12700
1613 6241
1614 6244
1615 6247
3377 6250
3378 12700
1616 12700
1617 6253
1619 6256
1621 6259
1622 6262
1623 6265
1658 12700
3382 12700
3383 12700
1625 181
1626 12700
1627 12685
1630 6268
3379 6271
3380 12700
3381 6274
3384 6277
3385 6280
1632 11926
1633 12700
1634 6283
1635 6286
1637 12700
1638 12700
1639 6289
1640 6292
1672 12700
3389 6295
3390 12700
3391 6298
3392 6301
3393 12700
3386 6304
3387 6307
3388 6310
1643 6313
1646 6316
1647 12700
3394 12700
3395 6319
1648 184
1649 349
3396 352
3397 6322
3398 355
1650 12700
1652 6325
1654 12700
3399 6328
3400 6331
3401 6334
3402 6337
3403 12700
3404 6340
3405 12700
3406 12700
3407 12700
5140 12616
1657 187
1659 12700
1660 340
1662 343
1663 346
1664 6343
3409 12700
3410 6346
3411 12700
3412 12700
3571 12700
1665 12700
1666 12700
1667 6349
4109 12700
4803 12700
1668 190
3413 6352
3414 6355
3415 12700
3416 6358
3417 12700
3418 6361
3572 6364
1673 12700
3448 12700
3449 6367
1674 193
1675 12700
1676 12700
1677 6370
1678 331
1680 334
1681 337
3419 6373
3420 6376
3421 6379
3422 6382
3423 6385
3424 6388
3425 6391
3426 6394
3427 6397
3428 12700
3429 12700
3430 12700
3431 12700
3432 6400
3433 12700
3434 6403
3435 6406
3436 6409
3437 6412
3438 6415
1683 196
1684 328
1685 12700
1686 6418
1687 12700
1691 6421
3439 6424
3440 6427
3441 12700
3442 6430
3669 11800
1692 199
1693 322
1694 12700
1695 6433
1696 325
1697 6436
1698 12700
3443 6439
3444 6442
3445 6445
3446 6448
3447 6451
3450 6454
3451 12700
3452 12700
3453 6457
3454 6460
3463 12700
3464 6463
3465 12700
3466 12700
3467 6466
3455 6469
3456 6472
3457 6475
3458 6478
3460 6481
3461 6484
3468 12700
3469 12700
3470 12700
3471 12700
3477 6487
3478 12319
3479 12700
3480 12700
3481 6490
3482 6493
3483 6496
1710 12640
1712 202
1713 313
3472 316
3473 6499
3474 319
3475 12700
1714 12700
1715 6502
1719 6505
1721 12700
3484 12700
3486 6508
3476 6511
1722 205
1723 310
3487 6514
3488 6517
3489 6520
3490 12700
1729 12700
1731 6523
1732 12700
3492 6526
3493 6529
3494 6532
3495 12700
3496 12700
1808 6535
3566 12700
5176 6538
1736 6541
1737 12700
1739 12700
1740 12700
3528 12700
3529 12700
3497 11917
3498 6544
3499 11935
1742 208
1743 12700
1744 6547
1745 301
1746 304
3500 12700
3502 6550
3503 12700
3504 6553
3505 307
1748 211
1751 12700
3506 6556
3507 12700
3508 6559
3509 6562
3510 6565
3511 6568
3512 6571
3513 6574
3514 12700
3515 12700
3516 6577
3517 6580
3518 6583
3519 12202
1753 214
1756 6586
1757 6589
1758 12700
1759 298
1761 6592
3520 6595
3521 12700
3522 12700
3523 6598
3524 12700
3525 6601
3526 12700
3527 6604
3680 12580
3681 12301
1768 6607
1769 6610
1770 12700
1771 6613
1772 12700
1773 6616
1774 6619
3530 6622
3533 6625
3534 6628
3535 12700
3531 12700
3532 6631
1785 217
1788 6634
1793 292
3563 6637
3700 12700
3701 6640
3702 6643
3536 12700
3537 12700
3538 6646
3539 12700
3540 6649
3541 295
1794 12700
1795 6652
1796 6655
1799 12700
1801 6658
1802 6661
1804 6664
1806 12700
1807 6667
1809 6670
1810 6673
1811 12700
1813 12700
3542 12700
3543 6676
3544 12700
3545 6679
3546 6682
3547 12181
3548 6685
3549 12700
3550 12700
1815 12700
1816 12700
1818 12700
1819 12700
1820 12700
3551 12700
3553 12700
3554 6688
3555 12700
3556 6691
3564 12700
3565 6694
3567 6697
3557 12700
3558 12700
3559 6700
3560 12700
3561 6703
3562 6706
1821 12700
1823 6709
1825 6712
1826 6715
1828 6718
1830 6721
1832 12700
3568 12700
3583 6724
3584 6727
1834 220
1835 280
1838 6730
1839 283
1840 11956
3569 6733
3570 6736
3591 286
3592 289
3577 12700
3578 6739
3579 12700
3580 12133
3581 12583
3582 6742
3573 12700
3574 6745
3575 12700
3576 6748
3585 6751
3586 6754
3587 12700
3588 12700
3589 6757
1847 223
1848 12700
1851 274
1853 277
1855 12700
3594 12700
3595 6760
3596 6763
3597 6766
3598 6769
3599 12700
3602 6772
3603 6775
3604 6778
3600 6781
3601 6784
1856 226
1857 262
1858 265
1859 12700
1862 12700
3609 6787
3610 268
3611 271
3612 6790
3613 12700
3614 6793
3605 12700
3606 6796
3607 12700
3608 6799
3799 6802
3800 6805
3801 12700
3802 12700
3803 6808
3804 6811
3805 12700
3806 6814
1864 229
1869 259
3675 6817
3676 12700
3615 12700
3616 12700
3618 6820
1871 11905
1872 12700
1874 6823
1875 6826
3620 6829
3621 12700
3622 6832
3623 6835
1876 232
1877 235
1878 6838
1879 256
1880 12700
1883 12700
1884 553
3629 6841
3630 6844
3631 11938
3632 6847
3633 6850
3634 12700
3635 12700
3624 6853
3625 6856
3626 12700
3627 12700
3628 12700
3673 12700
3674 6859
1889 12700
1893 12001
3636 6862
3638 6865
3639 6868
3640 6871
3641 6874
3642 6877
3643 6880
3644 6883
3645 6886
3646 6889
3647 6892
3648 6895
3649 6898
3650 6901
3651 6904
3652 6907
3653 6910
3655 6913
3656 6916
3657 6919
3658 12700
3659 6922
3660 12700
3661 6925
3662 6928
3663 6931
3664 6934
3665 6937
3666 6940
3667 6943
3668 6946
3671 6949
3672 6952
3678 6955
3679 6958
3682 6961
3683 6964
3684 6967
3685 6970
3686 6973
3687 6976
3688 6979
3689 6982
3690 12700
3691 6985
3692 6988
3693 12700
3694 11863
3695 6991
3867 12700
3696 6994
3697 6997
3698 7000
3699 12700
3703 12700
3704 7003
3705 12700
3706 7006
3707 7009
3713 12517
3714 12520
3708 7012
3710 11782
3711 7015
3712 7018
3718 7021
3719 12700
3720 7024
3721 7027
3716 12700
3717 7030
3722 7033
3723 7036
3724 7039
3725 7042
3727 7045
3728 12700
3729 7048
3730 7051
3731 7054
3732 12700
3733 12700
3734 12700
3735 7057
3736 7060
3754 7063
3755 7066
3756 7069
3757 12700
3737 11998
3738 12700
3739 7072
3740 7075
3741 7078
3749 7081
3750 12598
3751 7084
3752 7087
3753 7090
3742 12700
3743 7093
3744 12700
3745 7096
3746 7099
3747 12700
3748 7102
3758 7105
3759 12700
3760 7108
3761 7111
3762 7114
3763 7117
5541 7120
5795 7123
5796 7126
5797 7129
3768 12394
5177 12700
3764 7132
3778 7135
3779 7138
3780 7141
3782 7144
3783 7147
3784 7150
3767 12700
3765 7153
3766 7156
3770 12472
3771 12700
3772 12091
3773 7159
3774 7162
3775 7165
3776 12700
3785 12586
3787 12589
3788 12592
3789 12595
3790 12700
3791 12700
3792 7168
3793 7171
3807 7174
3808 7177
3809 7180
3810 12700
3811 7183
3797 12700
3798 12700
3794 7186
3795 7189
3796 12700
4438 12700
5170 7192
5172 7195
5173 7198
5174 7201
5175 12700
3817 12700
3818 12700
3819 12427
3820 12700
3821 7204
3812 7207
3813 12700
3814 7210
3815 12700
3816 7213
3822 12700
3823 12700
3824 12700
3825 7216
3826 7219
3827 7222
3828 7225
3829 7228
3830 7231
3831 12700
3832 7234
3833 12700
3879 7237
3988 12700
3989 12700
3990 7240
3834 7243
3835 7246
3836 7249
3837 7252
3838 12700
3851 11929
3852 7255
3853 7258
3854 7261
3839 7264
3842 7267
3843 12700
3844 12700
3845 7270
3847 7273
3848 11860
3850 12700
3846 12700
3864 7276
3866 12700
3855 7279
3856 12700
3857 7282
3858 12700
3863 12700
3859 12700
3860 7285
3861 7288
3862 12334
3869 7291
3870 7294
3871 7297
3872 7300
3873 7303
3868 7306
3886 12700
3887 12700
3875 7309
3876 7312
3877 12700
3878 7315
3880 7318
3881 12700
3882 7321
3883 12700
3884 7324
3885 12700
3888 12292
3889 7327
3890 12700
3900 12700
3901 7330
3902 7333
3903 12700
3904 12700
3891 7336
3892 7339
3894 7342
3895 7345
3908 7348
3909 7351
3910 12700
3911 7354
3912 12700
3913 12700
5343 12700
5468 7357
5958 7360
5959 7363
5960 12700
3896 7366
3897 12700
3898 7369
3899 7372
3906 7375
3907 12271
3923 7378
3924 7381
3925 7384
3926 12700
3927 7387
3914 7390
3915 7393
3916 7396
3917 7399
3918 7402
3919 12700
3920 12700
3921 12700
3922 12700
3928 7405
4080 7408
5310 7411
5724 12700
6000 7414
6001 7417
3929 12700
3930 12700
3931 12049
3932 7420
3933 12700
3934 12700
3935 12136
3936 7423
3937 12700
3938 7426
3939 7429
3940 7432
3941 7435
3942 7438
3946 12700
3947 7441
3948 12700
3943 12700
3944 7444
3945 12700
4092 12196
4067 7447
5114 7450
5115 7453
5116 7456
5117 7459
3949 7462
3950 7465
4501 7468
4894 7471
5909 12700
6108 12700
6181 12700
4275 12700
4738 12700
4806 7474
6121 7477
6122 7480
3952 7483
3953 7486
3954 7489
3955 7492
3957 7495
3958 7498
3959 7501
3960 7504
3961 7507
3968 7510
3969 7513
3970 7516
3964 7519
3965 7522
3966 12700
3967 12700
3962 12700
3963 12700
4105 12169
3977 7525
3979 12700
3980 7528
3971 7531
3972 7534
3973 7537
3974 7540
3975 12478
3976 12700
3978 7543
3982 12700
3983 7546
3984 7549
3985 12700
3986 12700
3987 12160
3991 12700
3992 7552
3993 7555
3994 7558
3995 7561
3996 7564
3997 12700
4004 12700
4005 12700
4006 7567
4007 7570
4373 7573
5162 7576
5163 12700
5164 7579
5165 7582
4000 12700
4001 7585
4002 12700
4003 12700
4008 12700
4009 7588
4010 12700
4011 7591
4012 12700
4013 7594
4014 7597
4015 7600
4016 12700
4017 7603
4018 7606
4019 7609
4020 7612
4021 12700
4022 7615
4023 7618
4024 7621
4025 7624
4026 7627
4130 12154
4027 7630
4028 7633
4029 7636
5437 12157
4031 7639
4032 12700
4033 12700
4030 7642
4041 12700
5056 7645
5645 12700
4042 7648
4043 12700
4044 7651
4034 7654
4035 12139
4039 7657
4040 7660
4036 12700
4037 7663
4038 12205
4056 7666
4281 7669
6168 7672
6232 7675
4053 7678
4054 7681
4055 7684
4088 7687
4045 7690
4046 7693
4047 7696
4048 7699
4049 7702
4050 7705
4051 12700
4052 7708
4057 12700
4058 12700
4059 7711
4060 12700
4061 7714
4062 12700
4065 7717
4063 11764
4064 7720
4066 7723
4068 12700
4069 7726
4070 12700
4071 7729
4073 12700
4074 7732
4075 7735
4076 12700
4077 7738
4078 12700
4079 7741
4081 12700
4082 7744
4083 12631
4084 7747
4087 7750
4085 7753
4086 7756
4089 7759
4090 7762
4091 7765
4093 12700
4094 7768
4098 12700
4099 7771
4100 7774
4101 7777
4095 12700
4096 12700
4097 7780
4957 7783
5304 12700
5305 7786
4102 12490
4103 12700
4104 7789
4121 12700
4122 12700
4106 12166
4107 12700
4108 7792
4110 7795
4111 12700
4112 12700
4113 12700
4114 12700
4115 7798
4116 7801
4117 7804
4118 7807
4119 7810
4120 7813
5449 7816
5450 7819
4124 12700
4125 7822
4126 7825
4127 7828
4128 7831
4129 7834
4143 12148
4144 12172
4145 7837
4146 12700
4147 7840
4148 7843
4149 7846
4150 7849
4151 7852
4136 7855
4131 7858
4133 7861
4134 7864
4135 7867
4137 12700
4141 7870
4142 7873
4138 7876
4139 12700
4140 12700
4158 12700
4159 12700
5653 12700
5840 7879
4263 12700
5159 7882
5600 7885
4155 7888
4156 7891
4157 12700
4160 12700
4163 7894
4164 12700
4165 7897
4161 7900
4162 7903
4166 11983
4167 12700
4168 7906
4169 7909
4171 7912
4182 7915
4183 12700
4184 7918
4173 11950
4174 12700
4175 12307
4176 12700
4177 7921
4178 7924
4179 12700
4222 12700
4223 7927
4224 7930
4201 7933
4202 7936
4203 12700
4204 12700
4185 11986
4186 7939
4187 12700
4188 7942
4189 12700
4190 7945
4191 12700
4192 7948
4193 12700
4194 12700
4195 7951
4196 12700
4197 12700
4198 12700
4199 7954
4200 12700
4205 11821
4206 12700
4208 12700
4209 7957
4210 7960
4211 12700
4212 7963
4213 12700
4214 7966
4215 12700
4216 12700
4217 12700
4218 7969
4219 7972
4220 12700
4221 7975
4225 7978
4226 7981
4227 12700
4228 12700
4229 7984
4238 7987
4239 12700
4230 12700
4231 7990
4232 12700
4233 7993
4234 12700
4235 12700
4315 7996
4236 11893
4237 7999
4426 8002
5289 8005
5417 12700
5418 12700
4243 8008
4244 12700
4240 8011
4241 8014
4242 12700
4245 12700
4246 12700
4250 11953
4247 8017
4249 8020
4868 8023
5154 12700
5806 8026
5807 12178
5808 8029
4251 8032
4252 12700
4253 8035
4255 12700
4257 12700
4256 11977
4258 8038
4259 8041
4260 12700
4261 8044
4262 8047
4265 8050
4270 12655
4271 8053
4266 8056
4267 8059
4268 8062
4269 8065
4287 8068
4288 8071
4289 8074
4272 8077
4273 8080
4274 12700
4276 12700
4277 12700
4283 8083
4278 8086
4279 12700
4280 12700
4290 8089
4284 8092
4285 12700
4286 8095
4293 12700
4294 8098
4295 12700
4291 8101
4292 12700
4296 8104
4297 12700
4300 12700
4302 8107
4405 12700
4406 8110
4298 12700
4299 8113
4303 12700
4304 11803
4305 8116
5452 12700
6039 12700
6279 12700
4306 12700
4307 8119
4308 12700
4309 8122
4310 8125
4311 8128
4312 12700
4313 8131
4314 8134
4316 8137
4317 12634
4320 8140
4321 8143
4322 8146
4323 8149
4324 12700
4336 8152
5277 12700
5516 8155
5517 8158
4325 8161
4334 12700
4326 676
4327 8164
4328 8167
4329 679
4330 12700
4331 673
4332 12700
4333 8170
4335 8173
4344 12700
4345 8176
4346 8179
4347 8182
4348 8185
4349 8188
4350 8191
4351 8194
4352 8197
4353 12700
4354 8200
4355 12700
4356 12700
4337 12700
4338 12700
4339 8203
4340 12700
4368 8206
4341 8209
4360 12700
4361 8212
4362 12700
4363 8215
4364 8218
4342 8221
4343 12700
4357 8224
4358 12700
4365 8227
4366 8230
4367 8233
4369 12700
4370 8236
4371 8239
4393 8242
4394 8245
4395 8248
4396 8251
4397 8254
4398 8257
4372 8260
4374 8263
4375 8266
4376 8269
4377 8272
4378 12700
4379 8275
4380 8278
4381 12700
4382 12700
4383 8281
4384 8284
4385 8287
4386 8290
4387 8293
4388 12700
4399 12700
4400 12700
4401 8296
4402 12700
4403 12700
4404 8299
4389 12700
4390 12700
4391 12415
4392 8302
4407 12700
5777 8305
5778 8308
5779 8311
5780 8314
4412 8317
4413 8320
4414 8323
4418 8326
4419 12700
4420 12700
4415 8329
4416 12700
4417 12700
4537 8332
4538 8335
4429 8338
4430 8341
4431 12700
4432 12700
4424 12700
4425 8344
4427 8347
4428 12700
4421 12700
4435 11899
4422 8350
4423 12700
4433 12700
4434 12700
4443 12700
4436 8353
4437 8356
4446 12700
4447 12700
4448 8359
4439 8362
4440 8365
4441 12700
4442 12700
4444 12700
4445 12700
4584 8368
4457 8371
4449 12700
4450 8374
4451 8377
4452 12700
4453 8380
4454 8383
4456 12700
4458 12691
4532 12700
5179 8386
5324 8389
5326 12700
4459 12700
4460 8392
4461 8395
4462 8398
4473 11881
4474 11884
4468 8401
4469 12700
4470 12700
4464 8404
4465 12700
4466 8407
4467 12700
4478 12700
4479 12700
4480 8410
4471 8413
4472 12700
4599 8416
4484 8419
4485 8422
4475 8425
4476 8428
4658 12700
5634 8431
4481 8434
4482 12700
4483 8437
4486 8440
4487 12700
4488 8443
4492 12700
4640 8446
4714 8449
5001 8452
5403 8455
5404 12700
5405 8458
4489 12700
4490 12700
4491 11716
4493 559
4500 556
4502 12700
4503 8461
4504 8464
4505 11797
4506 8467
4507 8470
4508 12700
4509 8473
4510 12700
4511 8476
4512 8479
4513 12700
4514 8482
4521 8485
4522 8488
4523 8491
4524 8494
4525 8497
4526 8500
4527 8503
4528 8506
4529 8509
4530 8512
4531 8515
4517 8518
4518 8521
4519 8524
4520 8527
4533 12700
4534 8530
4544 8533
4535 8536
4536 12700
4541 12700
4545 8539
4542 8542
4543 8545
4573 8548
4641 8551
4548 8554
4551 12700
4552 12700
4546 8557
4547 8560
5931 12700
6071 12700
4653 12658
4549 8563
4550 8566
4553 12700
4554 8569
4555 8572
4563 8575
4564 8578
4565 8581
4556 8584
4557 12700
4558 8587
4559 8590
4560 8593
4561 8596
4562 8599
4566 12700
4567 12700
4568 12700
4569 12700
4570 8602
4571 8605
4572 8608
4574 12700
4575 8611
4576 8614
4577 12700
4578 8617
4579 8620
4580 8623
4581 8626
4587 12700
4582 8629
4583 12700
4585 12700
4586 11767
4590 8632
4588 8635
4589 8638
4591 8641
4592 12526
4593 12700
4594 8644
4595 8647
4596 12700
4597 8650
4598 12700
4600 8653
4601 8656
4602 8659
4603 8662
4604 8665
4605 8668
4606 12700
4607 8671
4608 8674
4609 8677
4610 8680
4611 8683
4612 8686
4613 8689
4614 8692
4615 8695
4616 8698
4617 12700
4618 8701
4619 12700
4709 11851
4620 11962
4621 8704
4622 8707
4626 8710
4627 8713
4628 12700
4629 12700
4630 463
4631 466
4632 8716
4625 8719
4636 12700
4637 8722
4633 12700
4634 8725
4638 12700
4639 12700
4642 8728
4643 12700
4645 8731
4646 8734
4647 8737
4644 11833
4648 8740
4649 8743
4650 12700
4651 8746
4652 8749
4654 12700
4655 8752
4656 8755
5638 8758
6036 12700
6037 8761
6038 12700
4663 8764
4657 8767
4659 8770
4660 8773
4661 8776
4662 12700
4664 12700
4665 12700
4666 12700
4667 12700
4668 8779
4669 12700
4670 8782
4671 8785
4672 8788
4678 11827
4675 8791
4673 8794
4674 8797
4676 12700
4677 8800
4679 8803
4680 12688
4681 8806
4682 8809
4685 8812
4686 12700
4687 8815
4688 8818
4689 12700
4683 8821
4684 12700
4690 8824
4691 8827
4692 12700
4693 12700
4694 12700
4696 8830
4697 8833
4698 8836
4699 8839
4700 8842
4701 8845
4702 8848
4703 8851
4704 8854
4705 12700
4706 11758
4715 8857
4707 8860
4708 8863
4710 8866
4712 8869
4713 8872
4716 8875
4717 8878
4718 8881
4719 8884
4720 12700
4721 12700
4722 8887
4723 12700
4724 12700
4725 12700
4726 12700
4731 12700
4732 12700
4727 8890
4728 12700
4729 12700
4730 12700
4733 12700
4734 12700
4743 358
4744 361
4745 364
4735 12700
4736 8893
4737 8896
4739 12700
4740 12700
4741 12700
4742 8899
4752 12700
4753 8902
4754 12700
4750 8905
4751 12700
4746 12700
4747 8908
4748 12700
4749 8911
4755 12700
4756 8914
4757 8917
4758 12700
4824 8920
4838 8923
4839 12700
4840 8926
4841 8929
4842 12700
4843 8932
4759 8935
4760 8938
4761 12700
4762 8941
4763 8944
4764 8947
4765 8950
4766 12700
4767 8953
4768 12700
4769 12700
4770 8956
4771 12700
4772 8959
4773 8962
4774 8965
4775 8968
4776 8971
4777 8974
4854 11959
4778 12700
4779 8977
4780 8980
4782 12700
4783 12700
4784 12700
4785 8983
4786 8986
4787 8989
4788 12700
4789 8992
4790 12700
4791 8995
4792 12700
4872 8998
4883 9001
4794 9004
4795 9007
4796 11770
4802 9010
4797 11725
4798 12700
4799 12700
4800 12700
4801 9013
4804 9016
4805 12700
4807 9019
4808 9022
4809 9025
4810 12700
4811 12700
4812 9028
4813 12700
4814 9031
4815 12700
4819 9034
4820 9037
4816 9040
4817 9043
4827 9046
4821 9049
4822 12700
4823 9052
4826 12700
4836 9055
4837 9058
4831 9061
4832 9064
4833 12700
4834 9067
4835 9070
4845 12163
4847 12700
4848 9073
4849 9076
4850 9079
4851 9082
4852 12700
4853 9085
4866 9088
4855 11785
4856 12700
4857 12700
4864 12700
4865 9091
4858 9094
4859 9097
4860 9100
4861 9103
4862 9106
4863 9109
4867 12700
4869 9112
4870 9115
4871 9118
4873 9121
4874 12700
4875 12700
4877 9124
4879 9127
4880 12700
4881 9130
4882 9133
4884 9136
4885 9139
4886 9142
4887 9145
4888 9148
4889 9151
4890 12700
4899 9154
4893 9157
4959 9160
4895 9163
4896 12700
4897 9166
4898 9169
4900 12700
4901 9172
4902 12700
4903 12700
4904 9175
4905 9178
4913 9181
4914 12700
4908 12700
4909 9184
5688 9187
5823 9190
6138 12700
4910 9193
4911 9196
4912 9199
4915 9202
4916 9205
4917 9208
4918 11773
4919 11776
4920 9211
4921 12439
4926 9214
4927 9217
4928 9220
4922 9223
4923 11854
4924 9226
4925 9229
4929 9232
4930 9235
5089 12700
5891 9238
5892 12700
5893 12700
5894 9241
4931 9244
5848 9247
5849 9250
5850 9253
5851 9256
5852 9259
5853 9262
4932 12700
4933 9265
4934 9268
4935 12700
4936 9271
4937 12700
4938 9274
4939 9277
4940 12700
4941 9280
4942 9283
4943 11731
4946 9286
4947 9289
4948 9292
4949 12700
4950 9295
4951 12700
4952 9298
4954 9301
4955 9304
4956 9307
4958 9310
5155 9313
5229 9316
5267 12700
5937 11947
5938 9319
5939 12700
4960 9322
4961 9325
4962 9328
5264 9331
5337 9334
4963 9337
4964 9340
4965 9343
4966 9346
4967 12700
4968 9349
4969 9352
4971 9355
4972 9358
4975 9361
4976 9364
4977 9367
4978 9370
4984 9373
4985 9376
4986 12700
4987 9379
4988 12700
4989 9382
4990 9385
4981 9388
4982 9391
4983 9394
4998 9397
4999 12700
5000 9400
4991 9403
4992 9406
4993 9409
4994 9412
4995 12700
4996 9415
4997 9418
5002 9421
5003 12700
5004 9424
5005 9427
5006 9430
5007 12700
5051 9433
5008 12700
5088 9436
5889 9439
5890 12700
5010 9442
5011 9445
5012 12700
5016 12700
5017 11719
5018 9448
5021 9451
5019 9454
5020 9457
5496 9460
6241 12700
6242 9463
5022 9466
5023 9469
5026 12700
5027 9472
5024 12355
5025 9475
5028 12700
5036 9478
5037 11923
5039 9481
5040 12700
5041 9484
5038 9487
5029 12700
5030 12700
5031 9490
5032 9493
5033 9496
5034 12103
5035 12700
5049 9499
5050 9502
5042 12004
5043 12016
5044 12700
5045 12700
5046 9505
5047 9508
5124 11743
5125 11746
5052 12700
5054 9511
5055 9514
5066 12700
5067 12700
5068 9517
5069 12700
5057 9520
5058 12700
5059 9523
5060 12373
5061 9526
5062 9529
5063 12700
5064 9532
5065 12700
5072 9535
5073 12700
5070 9538
5071 9541
5076 9544
5074 12700
5075 12700
5077 11908
5081 9547
5078 12700
5079 9550
5080 9553
5082 12700
5086 11740
5083 12700
5084 9556
5085 9559
5087 9562
5090 12700
5097 9565
5098 9568
5103 9571
5105 11737
5091 11734
5092 9574
5093 12346
5094 9577
5095 9580
5096 12700
5099 9583
5100 9586
5101 9589
5102 12700
5361 12700
5104 12700
5814 9592
5815 9595
5126 9598
5127 9601
5128 9604
5109 9607
5110 12700
5111 9610
5112 9613
5113 12700
5118 9616
5119 9619
5120 12007
5121 9622
5122 9625
5123 9628
5129 12700
5130 9631
5131 12700
5132 9634
5146 9637
5147 12700
5148 9640
5133 9643
5134 9646
5135 12700
5136 9649
5149 12700
5141 9652
5142 9655
5143 9658
5144 9661
5145 9664
5150 9667
5151 12700
5152 12700
5153 9670
5053 12700
5156 11809
5161 9673
5157 11806
5158 12700
5160 12700
5169 11728
5166 9676
5167 12700
5168 12700
5178 9679
5180 9682
5181 9685
5182 9688
5183 12700
5184 9691
5185 9694
5186 9697
5187 12700
5188 9700
5189 9703
5190 9706
5191 12700
5193 9709
5194 9712
5195 12700
5196 12700
5197 12700
5198 9715
5200 12700
5201 12700
5202 12700
5203 9718
5204 9721
5205 9724
5206 12700
5207 12700
5208 9727
5210 9730
5211 12700
5212 9733
5213 12700
5214 12700
5215 9736
5216 9739
5217 9742
5218 9745
5219 9748
5220 12700
5221 12700
5222 9751
5225 9754
5223 9757
5231 9760
5226 12700
5227 12700
5228 12700
5230 9763
5240 9766
5323 9769
5232 9772
5233 9775
5234 9778
5242 9781
5243 9784
5244 9787
5245 12700
5252 9790
5253 12700
5254 12700
5255 12700
5256 9793
5257 12700
5258 9796
5259 11866
5251 12700
5246 9799
5247 9802
5248 9805
5249 9808
5250 9811
5260 9814
5261 9817
5262 9820
5345 9823
5263 12700
5265 9826
5266 9829
5268 9832
5269 9835
5270 12700
5271 9838
5272 12700
5282 9841
5279 12700
5280 9844
5281 12700
5283 11698
5276 12700
5278 11869
5273 12700
5274 9847
5275 9850
5287 9853
5291 9856
5284 9859
5285 12700
5286 9862
5288 9865
5290 11791
5292 12367
5293 9868
5294 12700
5295 9871
5296 12700
5297 9874
5298 9877
5299 9880
5300 9883
5301 9886
5302 9889
5303 9892
5306 12700
5307 9895
5308 9898
5309 9901
5313 9904
5314 9907
5315 12700
5316 11710
5317 9910
5318 12700
5319 9913
5392 9916
5320 9919
5321 12700
5322 9922
5327 9925
5331 9928
5332 12700
5328 9931
5329 9934
5330 9937
5336 9940
5333 9943
5334 9946
5335 9949
5339 12700
5340 9952
5341 9955
5572 12700
5868 9958
5884 9961
5344 9964
5348 9967
5349 9970
5346 9973
5347 12700
5353 9976
5350 9979
5351 9982
5352 12700
5354 9985
5355 9988
5356 12700
5357 12622
5358 9991
5359 12700
5360 9994
5376 11704
5362 9997
5363 10000
5364 10003
5365 10006
5382 10009
5383 10012
5366 12700
5367 10015
5368 10018
5380 12529
5369 10021
5370 10024
5371 10027
5372 11980
5373 12700
5374 10030
5375 10033
5381 11701
5377 10036
5378 12700
5379 11992
5386 12700
5387 10039
5388 10042
5389 12700
5390 10045
5384 10048
5385 12700
5391 10051
5393 10054
5394 469
5395 10057
5397 10060
5398 10063
5396 10066
5399 10069
5400 10072
5401 10075
5402 10078
5406 12700
5342 10081
5407 11749
5408 10084
5409 10087
5410 12700
5954 10090
5955 10093
5411 10096
5434 10099
5435 10102
5436 12436
5412 10105
5413 12700
5415 10108
5416 10111
5419 10114
5420 10117
5421 12700
5422 10120
5423 12700
5424 10123
5425 12700
5426 10126
5427 10129
5430 10132
5431 10135
5432 12700
5433 10138
5429 12700
5438 10141
5439 10144
5440 12700
5441 10147
5442 10150
5443 12700
5444 10153
5445 10156
5446 10159
5456 10162
5453 10165
5447 10168
5448 10171
5473 10174
5474 10177
5475 10180
5451 11761
5454 10183
5455 10186
5457 12700
5458 12700
5459 12700
5460 10189
5461 367
5462 10192
5463 10195
5464 12700
5465 10198
5466 10201
5467 10204
5469 10207
5470 10210
5477 10213
5471 10216
5472 12700
5485 10219
5486 12700
5478 12700
5479 12700
5480 10222
5481 10225
5482 10228
5488 10231
5489 10234
5492 12700
5493 10237
5495 12700
5497 12700
5499 12700
5500 12340
5498 12700
5503 10240
5504 12700
5505 12193
5507 10243
5508 12700
5506 10246
5510 12700
5509 11848
5511 10249
5512 10252
5513 10255
5514 10258
5515 12700
5523 12388
5524 10261
5521 10264
5522 10267
5525 11695
5881 12700
5526 10270
5527 10273
5528 12700
5529 12700
5531 12700
5532 12700
5530 10276
5533 10279
5534 10282
5535 12700
5536 10285
5543 12700
5544 10288
5545 12700
5546 10291
5547 10294
5548 12700
5549 10297
5672 11692
5553 10300
5550 10303
5551 10306
5552 12700
5554 10309
5555 10312
5568 12313
5569 10315
5556 10318
5557 10321
5558 10324
5559 10327
5560 10330
5561 10333
5562 10336
5563 10339
5564 10342
5565 12700
5566 12331
5567 10345
5577 11779
5573 10348
5574 10351
5575 10354
5576 10357
5585 12700
5586 10360
5578 12700
5579 10363
5580 12700
5581 10366
5582 10369
5583 11686
5587 11644
5588 10372
5589 12700
5590 12700
5591 10375
5592 10378
5593 10381
5594 10384
5595 10387
5596 10390
5597 12700
5598 10393
5599 10396
5601 10399
5604 11680
5602 12700
5603 12700
5605 10402
5617 10405
5606 10408
5607 10411
5608 12700
5609 10414
5610 10417
5611 10420
5612 10423
5613 12700
5614 11713
5615 12700
5616 12700
5618 12700
5619 12700
5621 10426
5622 10429
5620 10432
5631 10435
5632 10438
5633 10441
5623 12700
5624 10444
5625 12700
5626 12700
5627 10447
5630 12700
5635 10450
5636 10453
5637 10456
5639 10459
5640 10462
5642 10465
5643 10468
5641 10471
5644 12700
5646 10474
5647 10477
5648 10480
5649 10483
5650 12700
5651 12700
5652 10486
5654 12700
5655 11815
5656 12085
5657 12700
5658 10489
5659 10492
5670 12700
5671 10495
5673 10498
5674 10501
5678 10504
5679 10507
5680 12700
5675 12700
5676 10510
5677 12700
5681 10513
5682 12700
5683 10516
5684 10519
5685 10522
5686 10525
5687 10528
5689 10531
5690 10534
5691 11794
5692 10537
5693 10540
5694 10543
5700 10546
5701 12700
5695 12700
5696 10549
5697 10552
5698 10555
5699 10558
5710 10561
5711 10564
5712 10567
5713 10570
5702 10573
5704 10576
5708 10579
5709 10582
5703 11932
5705 10585
5706 10588
5707 12700
5714 10591
5715 10594
5716 12700
5718 10597
5719 10600
5720 12700
5721 10603
5722 10606
5723 10609
5726 12700
5727 12700
5728 10612
5729 12700
5725 10615
5733 11677
5738 10618
5739 10621
5740 12379
5741 10624
5742 12700
5743 10627
5744 10630
5745 10633
5746 10636
5731 10639
5732 10642
5730 10645
5734 10648
5735 12700
5736 10651
5737 10654
5757 11707
5747 10657
5748 10660
5758 10663
5749 10666
5750 12700
5751 12700
5752 10669
5753 12700
5754 12700
5755 11788
5756 10672
5660 11647
5661 11650
5662 11653
5663 11656
5664 11659
5665 11662
5666 11665
5667 11668
5668 11671
5669 11674
5766 10675
5759 12700
5760 10678
5761 12700
5762 10681
5763 12700
5764 10684
5765 10687
5767 10690
5768 10693
5769 10696
5770 10699
5771 10702
5772 10705
5773 10708
5774 10711
5775 12700
5776 10714
5781 10717
5782 10720
5542 12700
5783 12700
5784 10723
5816 10726
5789 10729
5790 10732
5791 10735
5792 12700
5793 12700
5794 12700
5798 10738
5799 10741
5800 10744
5801 10747
5802 11722
5805 10750
5803 10753
5804 12700
5809 12700
5810 10756
5811 12700
5820 12700
5821 12700
5822 10759
5812 10762
5813 10765
5827 12700
5828 12700
5817 10768
5818 10771
5819 12700
5824 12700
5825 10774
5826 10777
5829 12700
5830 12700
5831 12700
5832 10780
5833 10783
5834 12700
5835 10786
5839 10789
5882 12700
5836 10792
5837 10795
5838 10798
5858 12265
5841 10801
5842 10804
5843 10807
5844 10810
5847 12370
5845 10813
5846 10816
5854 12700
5855 12700
5856 10819
5857 10822
5859 10825
5860 10828
5861 10831
5862 10834
5863 10837
5864 10840
5865 10843
5866 12220
5867 10846
5902 10849
5903 10852
5537 238
5538 241
5539 244
5540 247
5869 250
5870 253
6292 10855
6293 12700
6294 10858
6295 10861
5871 10864
5872 10867
5873 10870
5874 10873
5875 10876
5876 10879
5877 10882
5878 10885
5879 10888
5883 10891
5887 12700
5888 10894
5885 10897
5886 12700
5897 12700
5898 10900
5899 12700
5896 10903
5900 10906
5901 12700
5904 10909
5905 12700
5906 10912
5907 12700
5908 10915
5912 10918
5913 10921
5910 10924
5911 10927
5914 10930
5915 12700
5918 11638
5917 10933
5923 10936
5924 12700
5925 12700
5926 10939
5921 12700
5919 10942
5920 10945
5927 10948
5928 12700
5929 10951
5922 10954
5930 10957
5932 12211
5933 10960
5934 10963
5935 10966
5936 12700
5975 10969
5943 11635
5944 12700
5945 10972
5946 10975
5947 10978
5948 10981
5949 10984
5950 12700
5951 12700
5952 12700
5953 10987
5956 12700
5957 12700
5961 12700
5962 12700
5963 10990
5966 10993
5967 10996
5964 10999
5965 12700
5968 11002
5969 11005
5970 12700
5971 11008
5972 11011
6008 11014
6009 11017
6010 11020
6011 11023
5976 12700
5977 12700
5978 12700
5979 11026
5980 12700
5981 12700
5982 12700
5983 11029
5984 11032
5985 11035
5986 11038
5987 12700
5988 12700
5989 11041
5990 12700
5991 11044
5992 11047
5993 11050
5994 12700
5995 12700
5996 11053
5997 11056
5998 11059
5999 11062
6002 11065
6003 11068
6004 12700
6005 11071
6006 12700
6007 11074
6059 11989
6060 12700
6023 12700
6024 11077
6025 11080
6012 12700
6013 11083
6014 11086
6015 12700
6016 12700
6017 11089
6018 12190
6019 11092
6020 11095
6021 11098
6022 11101
6026 11104
6027 11107
6028 11110
6029 11113
6030 11116
6031 11683
6032 11119
6033 11122
6034 11125
6035 11128
6040 11641
6041 11131
6042 11134
6043 11137
6044 11140
6045 12700
6046 12700
6047 12700
6048 11143
6049 12700
6050 12700
6051 11146
6052 11149
6053 11152
6056 11155
6057 11158
6058 11161
6054 11164
6055 11167
6063 12700
6064 11170
6065 11173
6066 12700
6067 12700
6068 11176
6069 12700
6070 12700
6072 11179
6073 11182
6074 11185
6075 11188
6076 11191
6077 12700
6078 12700
6079 12700
6080 11194
6081 12700
6082 11197
6083 11200
6084 11203
6085 11206
6086 11209
6088 12700
6089 11212
6090 11215
6091 11632
6092 12700
6093 12700
6096 12700
6094 12700
6095 12700
6097 11218
6098 11221
6099 12700
6100 11224
6101 11227
6102 12700
6103 11230
6104 11233
6109 11236
6110 12700
6111 12700
6105 11239
6106 11242
6107 11245
6112 11248
6113 11251
6114 12700
6115 11254
6116 11257
6117 11260
6118 11263
6119 11266
6120 11269
6123 12700
6124 12700
6125 12700
6126 11272
6127 11275
6128 11278
6129 11281
6130 11284
6134 11755
6135 11287
6136 11290
6137 11293
6157 11296
6158 11299
6159 11302
6160 11305
6161 11308
6162 11311
6163 12694
6164 11314
6165 12700
6166 11317
6139 12700
6140 11320
6141 12700
6142 11323
6143 11326
6144 11329
6145 11332
6146 11335
6147 11338
6148 11341
6149 11344
6150 11818
6151 11347
6152 12700
6153 11350
6154 11353
6155 12094
6156 11356
6167 11359
6249 12700
6250 11362
6251 12700
6252 12700
6169 12700
6170 12700
6171 12700
6237 11629
6172 11365
6173 11368
6174 12700
6175 12700
6176 11371
6177 11374
6178 11377
6179 11626
6180 12700
6280 11380
6281 11383
6182 11386
6195 11389
6196 12700
6189 11392
6190 11395
6191 12700
6192 11398
6193 12700
6194 11689
6183 11401
6184 11404
6185 11407
6186 12700
6187 11857
6188 11410
6197 11413
6198 11416
6199 11419
6200 11422
6201 11425
6202 11428
6203 11431
6204 11434
6205 11437
6206 11440
6207 11443
6208 11446
6209 11449
6210 11452
6211 11455
6212 11458
6213 11461
6214 11464
6215 11467
6216 11470
6217 11473
6218 11476
6219 11479
6220 11482
6221 11485
6222 11488
6223 11491
6224 11494
6225 11497
6226 11500
6227 11503
6228 11506
6229 12700
6230 11509
6231 11512
6233 11515
6234 12700
6235 11518
6238 11521
6239 12700
6240 11524
6236 11527
6243 11845
6244 12700
6245 12700
6246 11530
6289 11533
6247 11536
6248 11539
6253 11542
6254 11545
6258 12700
6259 11548
6260 11551
6261 11554
6255 11944
6256 11557
6257 11560
6268 11563
6269 12700
6270 11566
6262 12700
6263 11569
6264 12700
6265 11572
6266 12700
6267 11575
6271 11578
6272 11581
6273 12700
6274 11584
6275 11587
6282 11752
6283 11590
6276 12700
6277 12700
6278 11593
6290 11596
6284 11599
6285 11602
6286 11605
6287 11608
6288 12700
6291 11611
6296 12700
6300 11614
6297 11617
6298 11620
6299 11623
