0 0
1 1
2 2
3 3
4 3
5 3
6 6
7 3
8 3
9 3
10 10
11 3
12 12
13 13
14 14
15 3
16 16
17 3
18 18
19 19
20 3
21 3
22 22
23 23
24 24
25 3
26 26
27 3
28 3
29 3
30 3
31 3
32 3
33 3
34 34
35 35
36 3
37 37
38 38
39 3
40 40
41 41
42 42
43 3
44 44
45 45
46 46
47 47
48 48
49 3
50 50
51 51
52 52
53 53
54 54
55 3
56 56
57 57
58 58
59 59
60 3
61 3
62 3
63 3
64 3
65 3
66 66
67 3
68 3
69 69
70 70
71 71
72 72
73 3
74 74
75 3
76 3
77 77
78 3
79 79
80 3
81 3
82 82
83 3
84 84
85 85
86 86
87 3
88 88
89 3
90 90
91 3
92 92
93 93
94 94
95 95
96 96
97 97
98 98
99 99
100 3
101 3
102 3
103 103
104 104
105 3
106 106
107 107
108 3
109 109
110 3
111 3
112 3
113 3
114 114
115 115
116 3
117 117
118 118
119 119
120 3
121 121
122 3
123 3
124 3
125 3
126 3
127 3
128 128
129 3
130 3
131 3
132 3
133 3
134 134
135 3
136 3
137 137
138 3
139 139
140 140
141 3
142 142
143 3
144 3
145 3
146 3
147 3
148 3
149 3
150 150
151 3
152 152
153 153
154 154
155 3
156 156
157 157
158 3
159 159
160 3
161 161
162 3
163 163
164 164
165 3
166 166
167 3
168 168
169 3
170 170
171 171
172 3
173 3
174 3
175 3
176 3
177 3
178 3
179 3
180 3
181 181
182 182
183 183
184 184
185 185
186 186
187 187
188 188
189 189
190 190
191 191
192 192
193 3
194 194
195 3
196 3
197 3
198 3
199 199
200 200
201 3
202 202
203 203
204 204
205 205
206 206
207 207
208 3
209 209
210 210
211 3
212 212
213 213
214 214
215 215
216 216
217 217
218 3
219 219
220 220
221 221
222 222
223 223
224 224
225 3
226 3
227 227
228 3
229 3
230 230
231 231
232 3
233 233
234 234
235 235
236 236
237 237
238 3
239 239
240 240
241 241
242 242
243 3
244 3
245 245
246 246
247 3
248 3
249 3
250 3
251 3
252 3
253 3
254 254
255 255
256 256
257 3
258 258
259 259
260 260
261 261
262 262
263 3
264 3
265 265
266 266
267 3
268 268
269 269
270 3
271 271
272 272
273 273
274 274
275 275
276 3
277 277
278 278
279 3
280 3
281 281
282 282
283 3
284 3
285 3
286 286
287 287
288 3
289 3
290 290
291 291
292 292
293 293
294 294
295 295
296 296
297 297
298 3
299 3
300 3
301 301
302 302
303 3
304 304
305 3
306 306
307 3
308 308
309 309
310 310
311 3
312 312
313 313
314 3
315 315
316 316
317 317
318 318
319 319
320 320
321 3
322 322
323 323
324 324
325 3
326 3
327 3
328 328
329 329
330 330
331 3
332 332
333 333
334 3
335 3
336 336
337 337
338 338
339 3
340 3
341 3
342 342
343 3
344 3
345 3
346 3
347 347
348 3
349 3
350 3
351 3
352 3
353 3
354 354
355 3
356 3
357 357
358 358
359 3
360 3
361 361
362 362
363 363
364 364
365 365
366 366
367 3
368 368
369 3
370 3
371 3
372 3
373 373
374 374
375 375
376 376
377 3
378 3
379 379
380 3
381 3
382 3
383 383
384 384
385 3
386 3
387 3
388 388
389 3
390 3
391 3
392 3
393 393
394 394
395 395
396 396
397 397
398 3
399 399
400 400
401 3
402 402
403 403
404 404
405 405
406 3
407 3
408 408
409 3
410 410
411 3
412 3
413 413
414 414
415 3
416 3
417 417
418 3
419 419
420 420
421 421
422 3
423 3
424 3
425 3
426 426
427 3
428 428
429 429
430 3
431 431
432 432
433 3
434 3
435 3
436 436
437 3
438 3
439 439
440 3
441 441
442 442
443 443
444 444
445 445
446 446
447 447
448 3
449 3
450 3
451 451
452 452
453 453
454 454
455 3
456 456
457 457
458 3
459 459
460 460
461 461
462 462
463 463
464 464
465 465
466 3
467 467
468 468
469 3
470 470
471 471
472 3
473 3
474 474
475 3
476 476
477 477
478 3
479 3
480 3
481 3
482 482
483 483
484 3
485 3
486 486
487 487
488 488
489 3
490 3
491 491
492 492
493 493
494 3
495 495
496 3
497 497
498 498
499 3
500 3
501 501
502 502
503 503
504 3
505 3
506 506
507 3
508 3
509 3
510 510
511 511
512 512
513 513
514 514
515 515
516 516
517 517
518 518
519 519
520 520
521 3
522 522
523 523
524 524
525 525
526 526
527 527
528 3
529 529
530 530
531 3
532 532
533 3
534 534
535 535
536 536
537 537
538 538
539 539
540 540
541 541
542 542
543 543
544 3
545 545
546 546
547 3
548 3
549 549
550 550
551 3
552 552
553 3
554 3
555 555
556 556
557 3
558 3
559 3
560 560
561 561
562 562
563 563
564 564
565 565
566 566
567 567
568 568
569 569
570 570
571 3
572 3
573 3
574 3
575 575
576 3
577 3
578 578
579 3
580 3
581 581
582 3
583 583
584 3
585 585
586 3
587 587
588 588
589 589
590 590
591 591
592 592
593 593
594 594
595 595
596 596
597 597
598 598
599 3
600 600
601 601
602 602
603 603
604 604
605 3
606 3
607 3
608 608
609 609
610 3
611 3
612 612
613 3
614 614
615 615
616 616
617 3
618 618
619 619
620 3
621 621
622 622
623 623
624 624
625 625
626 626
627 627
628 3
629 3
630 630
631 3
632 632
633 633
634 3
635 3
636 636
637 3
638 638
639 639
640 640
641 641
642 642
643 643
644 644
645 3
646 3
647 647
648 648
649 649
650 650
651 651
652 3
653 653
654 3
655 3
656 3
657 657
658 658
659 3
660 660
661 661
662 662
663 663
664 664
665 3
666 666
667 3
668 668
669 669
670 670
671 671
672 672
673 673
674 674
675 675
676 676
677 677
678 678
679 3
680 3
681 681
682 3
683 683
684 3
685 685
686 3
687 687
688 688
689 3
690 690
691 691
692 692
693 3
694 3
695 3
696 696
697 3
698 698
699 3
700 3
701 3
702 702
703 3
704 3
705 3
706 706
707 3
708 708
709 3
710 710
711 711
712 712
713 713
714 714
715 3
716 3
717 3
718 3
719 719
720 3
721 721
722 722
723 723
724 3
725 725
726 3
727 727
728 3
729 729
730 730
731 3
732 3
733 733
734 3
735 735
736 3
737 3
738 738
739 3
740 3
741 3
742 3
743 743
744 744
745 745
746 746
747 3
748 748
749 749
750 3
751 3
752 752
753 3
754 754
755 755
756 3
757 757
758 758
759 3
760 3
761 761
762 3
763 763
764 3
765 765
766 3
767 3
768 768
769 3
770 770
771 3
772 772
773 3
774 774
775 775
776 776
777 3
778 778
779 779
780 780
781 781
782 782
783 783
784 784
785 785
786 3
787 3
788 788
789 789
790 790
791 791
792 792
793 793
794 794
795 795
796 796
797 797
798 798
799 799
800 800
801 3
802 802
803 803
804 3
805 3
806 806
807 807
808 808
809 809
810 810
811 3
812 812
813 813
814 814
815 815
816 3
817 817
818 818
819 819
820 3
821 3
822 822
823 3
824 824
825 3
826 826
827 827
828 828
829 829
830 3
831 831
832 832
833 833
834 834
835 835
836 3
837 837
838 838
839 839
840 840
841 841
842 842
843 843
844 844
845 3
846 3
847 847
848 3
849 849
850 850
851 851
852 3
853 853
854 854
855 3
856 3
857 857
858 3
859 3
860 860
861 861
862 862
863 3
864 3
865 865
866 3
867 3
868 3
869 3
870 870
871 871
872 872
873 3
874 3
875 875
876 876
877 877
878 3
879 879
880 880
881 3
882 3
883 883
884 884
885 3
886 3
887 3
888 888
889 889
890 890
891 891
892 3
893 893
894 894
895 895
896 896
897 897
898 3
899 899
900 900
901 901
902 3
903 903
904 3
905 905
906 3
907 3
908 3
909 3
910 3
911 911
912 912
913 913
914 914
915 915
916 916
917 917
918 3
919 3
920 920
921 921
922 922
923 3
924 3
925 925
926 3
927 927
928 928
929 929
930 3
931 931
932 932
933 933
934 934
935 935
936 936
937 3
938 3
939 939
940 940
941 941
942 942
943 943
944 944
945 3
946 946
947 947
948 948
949 949
950 950
951 951
952 3
953 953
954 954
955 3
956 956
957 957
958 3
959 959
960 960
961 961
962 3
963 3
964 964
965 3
966 966
967 3
968 3
969 969
970 970
971 971
972 3
973 973
974 974
975 3
976 976
977 3
978 3
979 3
980 980
981 3
982 982
983 983
984 3
985 985
986 3
987 987
988 3
989 3
990 3
991 991
992 992
993 993
994 994
995 995
996 3
997 997
998 3
999 999
1000 1000
1001 1001
1002 3
1003 1003
1004 3
1005 3
1006 1006
1007 1007
1008 1008
1009 3
1010 3
1011 1011
1012 1012
1013 3
1014 1014
1015 3
1016 1016
1017 1017
1018 1018
1019 3
1020 1020
1021 1021
1022 3
1023 1023
1024 1024
1025 3
1026 3
1027 3
1028 3
1029 3
1030 3
1031 1031
1032 1032
1033 3
1034 1034
1035 1035
1036 1036
1037 1037
1038 1038
1039 3
1040 3
1041 3
1042 1042
1043 1043
1044 1044
1045 1045
1046 3
1047 1047
1048 3
1049 1049
1050 1050
1051 1051
1052 1052
1053 1053
1054 1054
1055 3
1056 1056
1057 3
1058 1058
1059 3
1060 1060
1061 1061
1062 1062
1063 3
1064 1064
1065 1065
1066 1066
1067 1067
1068 3
1069 1069
1070 1070
1071 1071
1072 1072
1073 1073
1074 1074
1075 1075
1076 1076
1077 3
1078 1078
1079 1079
1080 1080
1081 1081
1082 3
1083 1083
1084 3
1085 1085
1086 3
1087 1087
1088 1088
1089 3
1090 1090
1091 3
1092 1092
1093 1093
1094 3
1095 1095
1096 1096
1097 1097
1098 1098
1099 1099
1100 1100
1101 1101
1102 1102
1103 1103
1104 1104
1105 1105
1106 1106
1107 3
1108 1108
1109 1109
1110 1110
1111 1111
1112 1112
1113 1113
1114 1114
1115 1115
1116 1116
1117 1117
1118 3
1119 1119
1120 1120
1121 1121
1122 1122
1123 1123
1124 3
1125 1125
1126 1126
1127 1127
1128 1128
1129 3
1130 3
1131 1131
1132 1132
1133 1133
1134 1134
1135 3
1136 3
1137 3
1138 3
1139 3
1140 1140
1141 3
1142 1142
1143 3
1144 3
1145 1145
1146 1146
1147 1147
1148 1148
1149 1149
1150 1150
1151 1151
1152 1152
1153 1153
1154 3
1155 3
1156 1156
1157 1157
1158 3
1159 1159
1160 1160
1161 1161
1162 3
1163 3
1164 1164
1165 3
1166 1166
1167 3
1168 3
1169 1169
1170 1170
1171 1171
1172 3
1173 3
1174 3
1175 1175
1176 3
1177 1177
1178 1178
1179 1179
1180 1180
1181 1181
1182 1182
1183 1183
1184 1184
1185 1185
1186 1186
1187 1187
1188 1188
1189 1189
1190 1190
1191 3
1192 3
1193 3
1194 1194
1195 1195
1196 1196
1197 1197
1198 3
1199 3
1200 1200
1201 1201
1202 1202
1203 1203
1204 1204
1205 1205
1206 1206
1207 1207
1208 1208
1209 3
1210 1210
1211 1211
1212 3
1213 1213
1214 1214
1215 1215
1216 3
1217 3
1218 1218
1219 1219
1220 1220
1221 1221
1222 1222
1223 3
1224 1224
1225 1225
1226 1226
1227 1227
1228 3
1229 3
1230 3
1231 1231
1232 3
1233 1233
1234 3
1235 3
1236 1236
1237 1237
1238 1238
1239 1239
1240 1240
1241 1241
1242 1242
1243 3
1244 1244
1245 3
1246 1246
1247 1247
1248 1248
1249 1249
1250 3
1251 3
1252 1252
1253 3
1254 3
1255 3
1256 1256
1257 1257
1258 3
1259 3
1260 1260
1261 1261
1262 1262
1263 1263
1264 1264
1265 3
1266 3
1267 3
1268 1268
1269 1269
1270 1270
1271 1271
1272 1272
1273 3
1274 1274
1275 3
1276 3
1277 1277
1278 3
1279 3
1280 1280
1281 3
1282 1282
1283 1283
1284 3
1285 1285
1286 1286
1287 3
1288 1288
1289 3
1290 3
1291 1291
1292 3
1293 1293
1294 1294
1295 1295
1296 1296
1297 3
1298 1298
1299 1299
1300 1300
1301 3
1302 1302
1303 1303
1304 1304
1305 3
1306 1306
1307 1307
1308 1308
1309 1309
1310 3
1311 1311
1312 1312
1313 1313
1314 1314
1315 1315
1316 1316
1317 3
1318 3
1319 3
1320 1320
1321 1321
1322 1322
1323 3
1324 1324
1325 3
1326 3
1327 1327
1328 3
1329 1329
1330 1330
1331 3
1332 1332
1333 3
1334 1334
1335 1335
1336 1336
1337 3
1338 3
1339 3
1340 1340
1341 3
1342 1342
1343 3
1344 1344
1345 1345
1346 3
1347 1347
1348 1348
1349 1349
1350 1350
1351 1351
1352 3
1353 1353
1354 3
1355 1355
1356 3
1357 1357
1358 1358
1359 3
1360 3
1361 3
1362 3
1363 1363
1364 1364
1365 3
1366 3
1367 1367
1368 1368
1369 3
1370 3
1371 1371
1372 1372
1373 1373
1374 1374
1375 1375
1376 1376
1377 3
1378 1378
1379 3
1380 3
1381 1381
1382 3
1383 3
1384 1384
1385 3
1386 1386
1387 3
1388 3
1389 3
1390 3
1391 1391
1392 1392
1393 3
1394 3
1395 1395
1396 3
1397 3
1398 1398
1399 1399
1400 3
1401 3
1402 3
1403 1403
1404 3
1405 1405
1406 1406
1407 1407
1408 1408
1409 3
1410 1410
1411 3
1412 3
1413 3
1414 3
1415 3
1416 1416
1417 3
1418 1418
1419 3
1420 1420
1421 1421
1422 1422
1423 1423
1424 3
1425 1425
1426 3
1427 3
1428 1428
1429 3
1430 3
1431 3
1432 1432
1433 3
1434 3
1435 1435
1436 1436
1437 1437
1438 3
1439 1439
1440 3
1441 1441
1442 1442
1443 1443
1444 1444
1445 1445
1446 1446
1447 1447
1448 1448
1449 1449
1450 1450
1451 1451
1452 1452
1453 1453
1454 3
1455 1455
1456 1456
1457 1457
1458 3
1459 3
1460 1460
1461 1461
1462 1462
1463 1463
1464 1464
1465 1465
1466 3
1467 1467
1468 1468
1469 1469
1470 1470
1471 1471
1472 1472
1473 3
1474 1474
1475 1475
1476 3
1477 3
1478 1478
1479 1479
1480 1480
1481 1481
1482 1482
1483 1483
1484 3
1485 3
1486 1486
1487 3
1488 1488
1489 1489
1490 1490
1491 1491
1492 1492
1493 1493
1494 1494
1495 1495
1496 1496
1497 1497
1498 1498
1499 1499
1500 1500
1501 1501
1502 1502
1503 1503
1504 3
1505 1505
1506 1506
1507 1507
1508 1508
1509 1509
1510 1510
1511 1511
1512 1512
1513 1513
1514 1514
1515 1515
1516 1516
1517 1517
1518 3
1519 3
1520 1520
1521 1521
1522 3
1523 1523
1524 1524
1525 1525
1526 1526
1527 1527
1528 1528
1529 3
1530 1530
1531 3
1532 1532
1533 3
1534 3
1535 3
1536 1536
1537 3
1538 1538
1539 1539
1540 3
1541 3
1542 1542
1543 1543
1544 3
1545 1545
1546 3
1547 3
1548 3
1549 3
1550 3
1551 1551
1552 1552
1553 1553
1554 1554
1555 1555
1556 3
1557 3
1558 1558
1559 3
1560 1560
1561 3
1562 1562
1563 1563
1564 3
1565 1565
1566 1566
1567 1567
1568 1568
1569 3
1570 1570
1571 1571
1572 3
1573 3
1574 1574
1575 1575
1576 1576
1577 1577
1578 1578
1579 1579
1580 1580
1581 1581
1582 1582
1583 1583
1584 1584
1585 3
1586 3
1587 1587
1588 1588
1589 3
1590 3
1591 1591
1592 1592
1593 1593
1594 1594
1595 1595
1596 1596
1597 1597
1598 1598
1599 1599
1600 3
1601 3
1602 3
1603 1603
1604 1604
1605 3
1606 1606
1607 1607
1608 1608
1609 1609
1610 3
1611 1611
1612 3
1613 1613
1614 1614
1615 1615
1616 3
1617 1617
1618 1618
1619 1619
1620 3
1621 1621
1622 1622
1623 1623
1624 1624
1625 1625
1626 3
1627 1627
1628 1628
1629 1629
1630 1630
1631 1631
1632 1632
1633 3
1634 1634
1635 1635
1636 3
1637 3
1638 3
1639 1639
1640 1640
1641 3
1642 1642
1643 1643
1644 3
1645 1645
1646 1646
1647 3
1648 1648
1649 1649
1650 3
1651 3
1652 1652
1653 3
1654 3
1655 1655
1656 1656
1657 1657
1658 3
1659 3
1660 1660
1661 1661
1662 1662
1663 1663
1664 1664
1665 3
1666 3
1667 1667
1668 1668
1669 3
1670 3
1671 1671
1672 3
1673 3
1674 1674
1675 3
1676 3
1677 1677
1678 1678
1679 1679
1680 1680
1681 1681
1682 1682
1683 1683
1684 1684
1685 3
1686 1686
1687 3
1688 1688
1689 1689
1690 1690
1691 1691
1692 1692
1693 1693
1694 3
1695 1695
1696 1696
1697 1697
1698 3
1699 3
1700 3
1701 3
1702 1702
1703 3
1704 3
1705 1705
1706 3
1707 3
1708 1708
1709 3
1710 1710
1711 1711
1712 1712
1713 1713
1714 3
1715 1715
1716 1716
1717 3
1718 1718
1719 1719
1720 1720
1721 3
1722 1722
1723 1723
1724 3
1725 1725
1726 1726
1727 1727
1728 1728
1729 3
1730 1730
1731 1731
1732 3
1733 3
1734 3
1735 3
1736 1736
1737 3
1738 1738
1739 3
1740 3
1741 1741
1742 1742
1743 3
1744 1744
1745 1745
1746 1746
1747 1747
1748 1748
1749 3
1750 3
1751 3
1752 3
1753 1753
1754 1754
1755 1755
1756 1756
1757 1757
1758 3
1759 1759
1760 1760
1761 1761
1762 1762
1763 1763
1764 1764
1765 3
1766 1766
1767 3
1768 1768
1769 1769
1770 3
1771 1771
1772 3
1773 1773
1774 1774
1775 1775
1776 1776
1777 1777
1778 1778
1779 1779
1780 3
1781 1781
1782 3
1783 1783
1784 3
1785 1785
1786 3
1787 3
1788 1788
1789 1789
1790 1790
1791 1791
1792 3
1793 1793
1794 3
1795 1795
1796 1796
1797 1797
1798 1798
1799 3
1800 1800
1801 1801
1802 1802
1803 1803
1804 1804
1805 3
1806 3
1807 1807
1808 1808
1809 1809
1810 1810
1811 3
1812 1812
1813 3
1814 3
1815 3
1816 3
1817 1817
1818 3
1819 3
1820 3
1821 3
1822 1822
1823 1823
1824 1824
1825 1825
1826 1826
1827 3
1828 1828
1829 1829
1830 1830
1831 3
1832 3
1833 1833
1834 1834
1835 1835
1836 3
1837 1837
1838 1838
1839 1839
1840 1840
1841 1841
1842 3
1843 3
1844 3
1845 1845
1846 1846
1847 1847
1848 3
1849 1849
1850 3
1851 1851
1852 1852
1853 1853
1854 3
1855 3
1856 1856
1857 1857
1858 1858
1859 3
1860 1860
1861 1861
1862 3
1863 1863
1864 1864
1865 1865
1866 3
1867 3
1868 3
1869 1869
1870 3
1871 1871
1872 3
1873 1873
1874 1874
1875 1875
1876 1876
1877 1877
1878 1878
1879 1879
1880 3
1881 3
1882 3
1883 3
1884 1884
1885 3
1886 1886
1887 1887
1888 3
1889 3
1890 3
1891 3
1892 1892
1893 1893
1894 1894
1895 1895
1896 3
1897 1897
1898 1898
1899 1899
1900 1900
1901 1901
1902 1902
1903 1903
1904 3
1905 1905
1906 1906
1907 3
1908 1908
1909 1909
1910 3
1911 1911
1912 1912
1913 1913
1914 1914
1915 1915
1916 1916
1917 3
1918 1918
1919 1919
1920 3
1921 1921
1922 3
1923 3
1924 3
1925 1925
1926 3
1927 1927
1928 1928
1929 3
1930 3
1931 1931
1932 1932
1933 1933
1934 3
1935 1935
1936 1936
1937 1937
1938 1938
1939 1939
1940 1940
1941 3
1942 3
1943 3
1944 1944
1945 3
1946 3
1947 3
1948 3
1949 1949
1950 1950
1951 1951
1952 1952
1953 1953
1954 1954
1955 1955
1956 1956
1957 1957
1958 3
1959 1959
1960 1960
1961 1961
1962 1962
1963 1963
1964 1964
1965 1965
1966 1966
1967 1967
1968 3
1969 3
1970 1970
1971 3
1972 3
1973 3
1974 3
1975 1975
1976 1976
1977 1977
1978 1978
1979 1979
1980 1980
1981 3
1982 3
1983 1983
1984 3
1985 1985
1986 1986
1987 3
1988 1988
1989 3
1990 1990
1991 1991
1992 3
1993 1993
1994 3
1995 3
1996 3
1997 1997
1998 1998
1999 3
2000 2000
2001 3
2002 2002
2003 3
2004 2004
2005 2005
2006 2006
2007 2007
2008 2008
2009 2009
2010 2010
2011 2011
2012 2012
2013 2013
2014 3
2015 2015
2016 2016
2017 3
2018 2018
2019 2019
2020 3
2021 2021
2022 2022
2023 3
2024 3
2025 2025
2026 2026
2027 2027
2028 2028
2029 2029
2030 2030
2031 2031
2032 3
2033 2033
2034 2034
2035 2035
2036 2036
2037 3
2038 3
2039 3
2040 2040
2041 2041
2042 2042
2043 3
2044 2044
2045 2045
2046 3
2047 3
2048 3
2049 3
2050 3
2051 2051
2052 3
2053 3
2054 2054
2055 3
2056 3
2057 2057
2058 2058
2059 2059
2060 3
2061 2061
2062 2062
2063 2063
2064 2064
2065 2065
2066 3
2067 2067
2068 3
2069 3
2070 2070
2071 2071
2072 2072
2073 2073
2074 2074
2075 3
2076 2076
2077 2077
2078 2078
2079 3
2080 3
2081 2081
2082 2082
2083 2083
2084 3
2085 2085
2086 3
2087 3
2088 3
2089 2089
2090 2090
2091 3
2092 3
2093 3
2094 3
2095 2095
2096 3
2097 2097
2098 2098
2099 2099
2100 2100
2101 2101
2102 2102
2103 2103
2104 2104
2105 2105
2106 2106
2107 2107
2108 2108
2109 2109
2110 2110
2111 2111
2112 3
2113 2113
2114 3
2115 3
2116 3
2117 2117
2118 2118
2119 2119
2120 2120
2121 2121
2122 2122
2123 2123
2124 2124
2125 2125
2126 2126
2127 2127
2128 2128
2129 2129
2130 2130
2131 2131
2132 2132
2133 3
2134 3
2135 2135
2136 2136
2137 2137
2138 2138
2139 2139
2140 2140
2141 2141
2142 2142
2143 3
2144 2144
2145 3
2146 3
2147 2147
2148 3
2149 2149
2150 2150
2151 2151
2152 2152
2153 3
2154 2154
2155 2155
2156 3
2157 2157
2158 3
2159 2159
2160 2160
2161 2161
2162 2162
2163 2163
2164 3
2165 2165
2166 2166
2167 2167
2168 2168
2169 2169
2170 2170
2171 2171
2172 2172
2173 3
2174 3
2175 2175
2176 3
2177 2177
2178 3
2179 2179
2180 2180
2181 3
2182 2182
2183 2183
2184 3
2185 2185
2186 2186
2187 2187
2188 2188
2189 2189
2190 2190
2191 2191
2192 2192
2193 3
2194 2194
2195 3
2196 2196
2197 2197
2198 2198
2199 3
2200 2200
2201 3
2202 2202
2203 2203
2204 2204
2205 3
2206 2206
2207 2207
2208 2208
2209 2209
2210 2210
2211 2211
2212 2212
2213 2213
2214 2214
2215 2215
2216 2216
2217 3
2218 2218
2219 2219
2220 2220
2221 3
2222 2222
2223 3
2224 3
2225 3
2226 3
2227 2227
2228 3
2229 2229
2230 2230
2231 3
2232 2232
2233 2233
2234 2234
2235 2235
2236 2236
2237 3
2238 2238
2239 2239
2240 2240
2241 3
2242 2242
2243 3
2244 3
2245 2245
2246 2246
2247 2247
2248 3
2249 2249
2250 2250
2251 2251
2252 3
2253 3
2254 2254
2255 2255
2256 2256
2257 2257
2258 2258
2259 2259
2260 3
2261 3
2262 3
2263 2263
2264 2264
2265 2265
2266 2266
2267 3
2268 2268
2269 3
2270 2270
2271 2271
2272 2272
2273 2273
2274 2274
2275 3
2276 2276
2277 2277
2278 2278
2279 3
2280 2280
2281 3
2282 2282
2283 2283
2284 2284
2285 3
2286 3
2287 2287
2288 3
2289 2289
2290 3
2291 2291
2292 3
2293 3
2294 2294
2295 3
2296 2296
2297 2297
2298 2298
2299 3
2300 3
2301 2301
2302 2302
2303 2303
2304 2304
2305 2305
2306 2306
2307 2307
2308 2308
2309 3
2310 2310
2311 2311
2312 3
2313 3
2314 3
2315 3
2316 2316
2317 2317
2318 3
2319 2319
2320 2320
2321 2321
2322 3
2323 2323
2324 3
2325 3
2326 2326
2327 2327
2328 2328
2329 3
2330 2330
2331 2331
2332 3
2333 3
2334 2334
2335 2335
2336 3
2337 3
2338 3
2339 2339
2340 2340
2341 2341
2342 2342
2343 3
2344 2344
2345 3
2346 2346
2347 3
2348 2348
2349 2349
2350 3
2351 2351
2352 3
2353 2353
2354 2354
2355 2355
2356 3
2357 2357
2358 3
2359 2359
2360 3
2361 3
2362 3
2363 2363
2364 3
2365 2365
2366 2366
2367 2367
2368 2368
2369 2369
2370 2370
2371 2371
2372 2372
2373 2373
2374 3
2375 3
2376 3
2377 3
2378 2378
2379 2379
2380 2380
2381 3
2382 2382
2383 2383
2384 3
2385 2385
2386 2386
2387 2387
2388 3
2389 2389
2390 2390
2391 3
2392 3
2393 2393
2394 2394
2395 2395
2396 3
2397 2397
2398 3
2399 3
2400 2400
2401 2401
2402 2402
2403 2403
2404 2404
2405 2405
2406 2406
2407 3
2408 2408
2409 2409
2410 2410
2411 3
2412 2412
2413 2413
2414 2414
2415 2415
2416 2416
2417 2417
2418 2418
2419 2419
2420 3
2421 2421
2422 2422
2423 2423
2424 3
2425 3
2426 2426
2427 2427
2428 3
2429 2429
2430 2430
2431 2431
2432 2432
2433 2433
2434 2434
2435 2435
2436 2436
2437 2437
2438 2438
2439 2439
2440 3
2441 2441
2442 2442
2443 2443
2444 3
2445 2445
2446 2446
2447 2447
2448 2448
2449 2449
2450 2450
2451 3
2452 3
2453 3
2454 3
2455 2455
2456 2456
2457 2457
2458 2458
2459 3
2460 3
2461 3
2462 2462
2463 3
2464 3
2465 3
2466 2466
2467 2467
2468 2468
2469 2469
2470 2470
2471 3
2472 2472
2473 2473
2474 3
2475 2475
2476 2476
2477 2477
2478 2478
2479 2479
2480 2480
2481 2481
2482 2482
2483 2483
2484 2484
2485 3
2486 3
2487 2487
2488 2488
2489 2489
2490 3
2491 2491
2492 3
2493 2493
2494 3
2495 2495
2496 2496
2497 2497
2498 3
2499 2499
2500 3
2501 3
2502 2502
2503 3
2504 3
2505 3
2506 3
2507 2507
2508 2508
2509 2509
2510 3
2511 2511
2512 2512
2513 2513
2514 2514
2515 2515
2516 2516
2517 2517
2518 2518
2519 2519
2520 2520
2521 2521
2522 2522
2523 3
2524 3
2525 2525
2526 2526
2527 2527
2528 2528
2529 3
2530 3
2531 2531
2532 3
2533 2533
2534 2534
2535 2535
2536 2536
2537 2537
2538 2538
2539 2539
2540 2540
2541 2541
2542 2542
2543 2543
2544 3
2545 2545
2546 3
2547 2547
2548 3
2549 3
2550 2550
2551 3
2552 2552
2553 2553
2554 3
2555 2555
2556 2556
2557 2557
2558 2558
2559 3
2560 2560
2561 2561
2562 3
2563 2563
2564 2564
2565 2565
2566 2566
2567 2567
2568 2568
2569 3
2570 2570
2571 2571
2572 2572
2573 2573
2574 2574
2575 3
2576 3
2577 3
2578 3
2579 2579
2580 2580
2581 3
2582 2582
2583 2583
2584 2584
2585 2585
2586 2586
2587 2587
2588 2588
2589 2589
2590 3
2591 3
2592 2592
2593 3
2594 2594
2595 2595
2596 3
2597 3
2598 2598
2599 3
2600 2600
2601 2601
2602 2602
2603 2603
2604 2604
2605 2605
2606 3
2607 3
2608 2608
2609 2609
2610 2610
2611 2611
2612 3
2613 2613
2614 3
2615 3
2616 2616
2617 3
2618 2618
2619 2619
2620 2620
2621 3
2622 3
2623 2623
2624 2624
2625 2625
2626 3
2627 3
2628 2628
2629 3
2630 2630
2631 2631
2632 2632
2633 2633
2634 3
2635 3
2636 2636
2637 2637
2638 3
2639 3
2640 2640
2641 2641
2642 2642
2643 2643
2644 2644
2645 2645
2646 3
2647 2647
2648 2648
2649 2649
2650 2650
2651 2651
2652 2652
2653 3
2654 3
2655 2655
2656 2656
2657 3
2658 2658
2659 3
2660 2660
2661 2661
2662 2662
2663 3
2664 2664
2665 2665
2666 3
2667 2667
2668 2668
2669 2669
2670 3
2671 2671
2672 2672
2673 2673
2674 2674
2675 2675
2676 3
2677 2677
2678 3
2679 3
2680 3
2681 3
2682 2682
2683 3
2684 2684
2685 2685
2686 2686
2687 2687
2688 2688
2689 2689
2690 3
2691 2691
2692 2692
2693 3
2694 3
2695 3
2696 2696
2697 2697
2698 3
2699 3
2700 2700
2701 2701
2702 3
2703 2703
2704 2704
2705 2705
2706 2706
2707 2707
2708 2708
2709 3
2710 3
2711 2711
2712 3
2713 2713
2714 2714
2715 3
2716 3
2717 2717
2718 3
2719 3
2720 2720
2721 3
2722 2722
2723 3
2724 2724
2725 2725
2726 2726
2727 2727
2728 3
2729 2729
2730 2730
2731 2731
2732 3
2733 3
2734 2734
2735 3
2736 2736
2737 2737
2738 2738
2739 2739
2740 2740
2741 2741
2742 2742
2743 3
2744 2744
2745 2745
2746 2746
2747 2747
2748 3
2749 2749
2750 3
2751 3
2752 2752
2753 2753
2754 2754
2755 2755
2756 2756
2757 3
2758 2758
2759 2759
2760 2760
2761 3
2762 2762
2763 2763
2764 2764
2765 2765
2766 2766
2767 3
2768 2768
2769 2769
2770 3
2771 2771
2772 2772
2773 3
2774 3
2775 2775
2776 2776
2777 3
2778 2778
2779 3
2780 2780
2781 2781
2782 2782
2783 2783
2784 2784
2785 2785
2786 2786
2787 2787
2788 2788
2789 2789
2790 3
2791 2791
2792 2792
2793 2793
2794 3
2795 2795
2796 3
2797 3
2798 3
2799 2799
2800 2800
2801 2801
2802 2802
2803 3
2804 3
2805 2805
2806 2806
2807 3
2808 3
2809 2809
2810 2810
2811 2811
2812 2812
2813 2813
2814 2814
2815 2815
2816 2816
2817 2817
2818 2818
2819 3
2820 2820
2821 3
2822 3
2823 3
2824 2824
2825 2825
2826 3
2827 2827
2828 3
2829 3
2830 2830
2831 2831
2832 2832
2833 2833
2834 2834
2835 2835
2836 2836
2837 2837
2838 2838
2839 2839
2840 2840
2841 2841
2842 2842
2843 2843
2844 2844
2845 2845
2846 2846
2847 3
2848 2848
2849 2849
2850 2850
2851 2851
2852 3
2853 2853
2854 2854
2855 2855
2856 2856
2857 2857
2858 2858
2859 3
2860 3
2861 3
2862 3
2863 2863
2864 3
2865 2865
2866 3
2867 2867
2868 3
2869 2869
2870 3
2871 3
2872 2872
2873 3
2874 2874
2875 3
2876 2876
2877 2877
2878 2878
2879 3
2880 2880
2881 3
2882 2882
2883 3
2884 2884
2885 3
2886 3
2887 3
2888 3
2889 2889
2890 3
2891 2891
2892 3
2893 2893
2894 2894
2895 2895
2896 2896
2897 3
2898 3
2899 2899
2900 3
2901 3
2902 2902
2903 3
2904 3
2905 2905
2906 3
2907 3
2908 2908
2909 2909
2910 2910
2911 2911
2912 2912
2913 2913
2914 2914
2915 2915
2916 2916
2917 2917
2918 2918
2919 2919
2920 2920
2921 3
2922 3
2923 2923
2924 2924
2925 2925
2926 2926
2927 3
2928 2928
2929 2929
2930 3
2931 2931
2932 2932
2933 2933
2934 2934
2935 2935
2936 2936
2937 2937
2938 3
2939 3
2940 2940
2941 2941
2942 3
2943 2943
2944 2944
2945 2945
2946 3
2947 2947
2948 3
2949 3
2950 2950
2951 2951
2952 3
2953 2953
2954 2954
2955 2955
2956 2956
2957 2957
2958 3
2959 2959
2960 2960
2961 3
2962 3
2963 2963
2964 2964
2965 2965
2966 2966
2967 2967
2968 2968
2969 2969
2970 2970
2971 2971
2972 2972
2973 2973
2974 3
2975 2975
2976 2976
2977 2977
2978 2978
2979 2979
2980 2980
2981 2981
2982 2982
2983 2983
2984 2984
2985 2985
2986 3
2987 2987
2988 3
2989 2989
2990 2990
2991 3
2992 3
2993 2993
2994 2994
2995 2995
2996 2996
2997 3
2998 2998
2999 2999
3000 3000
3001 3001
3002 3002
3003 3
3004 3
3005 3005
3006 3006
3007 3007
3008 3008
3009 3
3010 3
3011 3
3012 3012
3013 3013
3014 3
3015 3015
3016 3
3017 3017
3018 3018
3019 3019
3020 3020
3021 3021
3022 3022
3023 3
3024 3
3025 3025
3026 3
3027 3
3028 3028
3029 3029
3030 3030
3031 3031
3032 3
3033 3
3034 3
3035 3035
3036 3036
3037 3
3038 3
3039 3
3040 3
3041 3
3042 3
3043 3
3044 3044
3045 3
3046 3
3047 3047
3048 3048
3049 3049
3050 3050
3051 3051
3052 3052
3053 3053
3054 3054
3055 3055
3056 3
3057 3057
3058 3
3059 3
3060 3
3061 3
3062 3062
3063 3
3064 3064
3065 3065
3066 3
3067 3
3068 3068
3069 3069
3070 3070
3071 3071
3072 3072
3073 3073
3074 3074
3075 3075
3076 3076
3077 3
3078 3078
3079 3079
3080 3
3081 3
3082 3082
3083 3083
3084 3084
3085 3085
3086 3
3087 3
3088 3
3089 3089
3090 3090
3091 3091
3092 3
3093 3093
3094 3094
3095 3
3096 3
3097 3097
3098 3
3099 3099
3100 3
3101 3101
3102 3
3103 3103
3104 3104
3105 3105
3106 3106
3107 3107
3108 3108
3109 3109
3110 3110
3111 3111
3112 3112
3113 3113
3114 3114
3115 3
3116 3116
3117 3
3118 3118
3119 3119
3120 3
3121 3121
3122 3122
3123 3123
3124 3124
3125 3125
3126 3
3127 3127
3128 3128
3129 3
3130 3130
3131 3131
3132 3132
3133 3133
3134 3134
3135 3
3136 3136
3137 3
3138 3
3139 3139
3140 3
3141 3141
3142 3
3143 3143
3144 3144
3145 3145
3146 3146
3147 3147
3148 3148
3149 3
3150 3150
3151 3151
3152 3
3153 3153
3154 3154
3155 3155
3156 3
3157 3157
3158 3158
3159 3159
3160 3
3161 3161
3162 3162
3163 3
3164 3164
3165 3165
3166 3166
3167 3167
3168 3168
3169 3169
3170 3170
3171 3
3172 3172
3173 3173
3174 3
3175 3175
3176 3
3177 3177
3178 3
3179 3
3180 3180
3181 3181
3182 3182
3183 3183
3184 3184
3185 3185
3186 3186
3187 3187
3188 3188
3189 3189
3190 3
3191 3
3192 3
3193 3193
3194 3
3195 3195
3196 3196
3197 3
3198 3198
3199 3199
3200 3
3201 3201
3202 3
3203 3203
3204 3204
3205 3205
3206 3
3207 3
3208 3
3209 3209
3210 3
3211 3211
3212 3212
3213 3
3214 3214
3215 3215
3216 3216
3217 3217
3218 3218
3219 3219
3220 3
3221 3221
3222 3
3223 3223
3224 3224
3225 3
3226 3226
3227 3227
3228 3
3229 3229
3230 3230
3231 3231
3232 3
3233 3
3234 3234
3235 3235
3236 3
3237 3237
3238 3238
3239 3239
3240 3240
3241 3241
3242 3242
3243 3243
3244 3
3245 3245
3246 3246
3247 3
3248 3248
3249 3249
3250 3250
3251 3251
3252 3252
3253 3253
3254 3254
3255 3
3256 3
3257 3
3258 3
3259 3
3260 3
3261 3261
3262 3262
3263 3263
3264 3264
3265 3265
3266 3
3267 3267
3268 3268
3269 3
3270 3
3271 3271
3272 3272
3273 3
3274 3274
3275 3275
3276 3
3277 3277
3278 3278
3279 3279
3280 3280
3281 3
3282 3282
3283 3283
3284 3
3285 3
3286 3286
3287 3287
3288 3288
3289 3289
3290 3290
3291 3291
3292 3292
3293 3293
3294 3294
3295 3
3296 3
3297 3297
3298 3298
3299 3299
3300 3300
3301 3301
3302 3302
3303 3303
3304 3
3305 3
3306 3306
3307 3307
3308 3308
3309 3
3310 3
3311 3
3312 3
3313 3313
3314 3314
3315 3
3316 3316
3317 3317
3318 3318
3319 3319
3320 3320
3321 3
3322 3322
3323 3
3324 3324
3325 3325
3326 3
3327 3
3328 3328
3329 3329
3330 3330
3331 3331
3332 3332
3333 3
3334 3334
3335 3335
3336 3336
3337 3
3338 3
3339 3339
3340 3340
3341 3
3342 3342
3343 3343
3344 3
3345 3345
3346 3
3347 3347
3348 3
3349 3349
3350 3
3351 3351
3352 3352
3353 3353
3354 3354
3355 3
3356 3
3357 3357
3358 3
3359 3359
3360 3
3361 3361
3362 3362
3363 3
3364 3
3365 3365
3366 3366
3367 3367
3368 3368
3369 3
3370 3370
3371 3
3372 3372
3373 3
3374 3
3375 3375
3376 3376
3377 3377
3378 3
3379 3379
3380 3
3381 3381
3382 3
3383 3
3384 3384
3385 3385
3386 3386
3387 3387
3388 3388
3389 3389
3390 3
3391 3391
3392 3392
3393 3
3394 3
3395 3395
3396 3396
3397 3397
3398 3398
3399 3399
3400 3400
3401 3401
3402 3402
3403 3
3404 3404
3405 3
3406 3
3407 3
3408 3
3409 3
3410 3410
3411 3
3412 3
3413 3413
3414 3414
3415 3
3416 3416
3417 3
3418 3418
3419 3419
3420 3420
3421 3421
3422 3422
3423 3423
3424 3424
3425 3425
3426 3426
3427 3427
3428 3
3429 3
3430 3
3431 3
3432 3432
3433 3
3434 3434
3435 3435
3436 3436
3437 3437
3438 3438
3439 3439
3440 3440
3441 3
3442 3442
3443 3443
3444 3444
3445 3445
3446 3446
3447 3447
3448 3
3449 3449
3450 3450
3451 3
3452 3
3453 3453
3454 3454
3455 3455
3456 3456
3457 3457
3458 3458
3459 3
3460 3460
3461 3461
3462 3
3463 3
3464 3464
3465 3
3466 3
3467 3467
3468 3
3469 3
3470 3
3471 3
3472 3472
3473 3473
3474 3474
3475 3
3476 3476
3477 3477
3478 3478
3479 3
3480 3
3481 3481
3482 3482
3483 3483
3484 3
3485 3485
3486 3486
3487 3487
3488 3488
3489 3489
3490 3
3491 3491
3492 3492
3493 3493
3494 3494
3495 3
3496 3
3497 3497
3498 3498
3499 3499
3500 3
3501 3501
3502 3502
3503 3
3504 3504
3505 3505
3506 3506
3507 3
3508 3508
3509 3509
3510 3510
3511 3511
3512 3512
3513 3513
3514 3
3515 3
3516 3516
3517 3517
3518 3518
3519 3519
3520 3520
3521 3
3522 3
3523 3523
3524 3
3525 3525
3526 3
3527 3527
3528 3
3529 3
3530 3530
3531 3
3532 3532
3533 3533
3534 3534
3535 3
3536 3
3537 3
3538 3538
3539 3
3540 3540
3541 3541
3542 3
3543 3543
3544 3
3545 3545
3546 3546
3547 3547
3548 3548
3549 3
3550 3
3551 3
3552 3
3553 3
3554 3554
3555 3
3556 3556
3557 3
3558 3
3559 3559
3560 3
3561 3561
3562 3562
3563 3563
3564 3
3565 3565
3566 3
3567 3567
3568 3
3569 3569
3570 3570
3571 3
3572 3572
3573 3
3574 3574
3575 3
3576 3576
3577 3
3578 3578
3579 3
3580 3580
3581 3581
3582 3582
3583 3583
3584 3584
3585 3585
3586 3586
3587 3
3588 3
3589 3589
3590 3590
3591 3591
3592 3592
3593 3593
3594 3
3595 3595
3596 3596
3597 3597
3598 3598
3599 3
3600 3600
3601 3601
3602 3602
3603 3603
3604 3604
3605 3
3606 3606
3607 3
3608 3608
3609 3609
3610 3610
3611 3611
3612 3612
3613 3
3614 3614
3615 3
3616 3
3617 3617
3618 3618
3619 3619
3620 3620
3621 3
3622 3622
3623 3623
3624 3624
3625 3625
3626 3
3627 3
3628 3
3629 3629
3630 3630
3631 3631
3632 3632
3633 3633
3634 3
3635 3
3636 3636
3637 3637
3638 3638
3639 3639
3640 3640
3641 3641
3642 3642
3643 3643
3644 3644
3645 3645
3646 3646
3647 3647
3648 3648
3649 3649
3650 3650
3651 3651
3652 3652
3653 3653
3654 3
3655 3655
3656 3656
3657 3657
3658 3
3659 3659
3660 3
3661 3661
3662 3662
3663 3663
3664 3664
3665 3665
3666 3666
3667 3667
3668 3668
3669 3669
3670 3
3671 3671
3672 3672
3673 3
3674 3674
3675 3675
3676 3
3677 3677
3678 3678
3679 3679
3680 3680
3681 3681
3682 3682
3683 3683
3684 3684
3685 3685
3686 3686
3687 3687
3688 3688
3689 3689
3690 3
3691 3691
3692 3692
3693 3
3694 3694
3695 3695
3696 3696
3697 3697
3698 3698
3699 3
3700 3
3701 3701
3702 3702
3703 3
3704 3704
3705 3
3706 3706
3707 3707
3708 3708
3709 3709
3710 3710
3711 3711
3712 3712
3713 3713
3714 3714
3715 3
3716 3
3717 3717
3718 3718
3719 3
3720 3720
3721 3721
3722 3722
3723 3723
3724 3724
3725 3725
3726 3
3727 3727
3728 3
3729 3729
3730 3730
3731 3731
3732 3
3733 3
3734 3
3735 3735
3736 3736
3737 3737
3738 3
3739 3739
3740 3740
3741 3741
3742 3
3743 3743
3744 3
3745 3745
3746 3746
3747 3
3748 3748
3749 3749
3750 3750
3751 3751
3752 3752
3753 3753
3754 3754
3755 3755
3756 3756
3757 3
3758 3758
3759 3
3760 3760
3761 3761
3762 3762
3763 3763
3764 3764
3765 3765
3766 3766
3767 3
3768 3768
3769 3769
3770 3770
3771 3
3772 3772
3773 3773
3774 3774
3775 3775
3776 3
3777 3777
3778 3778
3779 3779
3780 3780
3781 3
3782 3782
3783 3783
3784 3784
3785 3785
3786 3786
3787 3787
3788 3788
3789 3789
3790 3
3791 3
3792 3792
3793 3793
3794 3794
3795 3795
3796 3
3797 3
3798 3
3799 3799
3800 3800
3801 3
3802 3
3803 3803
3804 3804
3805 3
3806 3806
3807 3807
3808 3808
3809 3809
3810 3
3811 3811
3812 3812
3813 3
3814 3814
3815 3
3816 3816
3817 3
3818 3
3819 3819
3820 3
3821 3821
3822 3
3823 3
3824 3
3825 3825
3826 3826
3827 3827
3828 3828
3829 3829
3830 3830
3831 3
3832 3832
3833 3
3834 3834
3835 3835
3836 3836
3837 3837
3838 3
3839 3839
3840 3840
3841 3841
3842 3842
3843 3
3844 3
3845 3845
3846 3
3847 3847
3848 3848
3849 3
3850 3
3851 3851
3852 3852
3853 3853
3854 3854
3855 3855
3856 3
3857 3857
3858 3
3859 3
3860 3860
3861 3861
3862 3862
3863 3
3864 3864
3865 3
3866 3
3867 3
3868 3868
3869 3869
3870 3870
3871 3871
3872 3872
3873 3873
3874 3874
3875 3875
3876 3876
3877 3
3878 3878
3879 3879
3880 3880
3881 3
3882 3882
3883 3
3884 3884
3885 3
3886 3
3887 3
3888 3888
3889 3889
3890 3
3891 3891
3892 3892
3893 3
3894 3894
3895 3895
3896 3896
3897 3
3898 3898
3899 3899
3900 3
3901 3901
3902 3902
3903 3
3904 3
3905 3905
3906 3906
3907 3907
3908 3908
3909 3909
3910 3
3911 3911
3912 3
3913 3
3914 3914
3915 3915
3916 3916
3917 3917
3918 3918
3919 3
3920 3
3921 3
3922 3
3923 3923
3924 3924
3925 3925
3926 3
3927 3927
3928 3928
3929 3
3930 3
3931 3931
3932 3932
3933 3
3934 3
3935 3935
3936 3936
3937 3
3938 3938
3939 3939
3940 3940
3941 3941
3942 3942
3943 3
3944 3944
3945 3
3946 3
3947 3947
3948 3
3949 3949
3950 3950
3951 3951
3952 3952
3953 3953
3954 3954
3955 3955
3956 3
3957 3957
3958 3958
3959 3959
3960 3960
3961 3961
3962 3
3963 3
3964 3964
3965 3965
3966 3
3967 3
3968 3968
3969 3969
3970 3970
3971 3971
3972 3972
3973 3973
3974 3974
3975 3975
3976 3
3977 3977
3978 3978
3979 3
3980 3980
3981 3
3982 3
3983 3983
3984 3984
3985 3
3986 3
3987 3987
3988 3
3989 3
3990 3990
3991 3
3992 3992
3993 3993
3994 3994
3995 3995
3996 3996
3997 3
3998 3
3999 3999
4000 3
4001 4001
4002 3
4003 3
4004 3
4005 3
4006 4006
4007 4007
4008 3
4009 4009
4010 3
4011 4011
4012 3
4013 4013
4014 4014
4015 4015
4016 3
4017 4017
4018 4018
4019 4019
4020 4020
4021 3
4022 4022
4023 4023
4024 4024
4025 4025
4026 4026
4027 4027
4028 4028
4029 4029
4030 4030
4031 4031
4032 3
4033 3
4034 4034
4035 4035
4036 3
4037 4037
4038 4038
4039 4039
4040 4040
4041 3
4042 4042
4043 3
4044 4044
4045 4045
4046 4046
4047 4047
4048 4048
4049 4049
4050 4050
4051 3
4052 4052
4053 4053
4054 4054
4055 4055
4056 4056
4057 3
4058 3
4059 4059
4060 3
4061 4061
4062 3
4063 4063
4064 4064
4065 4065
4066 4066
4067 4067
4068 3
4069 4069
4070 3
4071 4071
4072 4072
4073 3
4074 4074
4075 4075
4076 3
4077 4077
4078 3
4079 4079
4080 4080
4081 3
4082 4082
4083 4083
4084 4084
4085 4085
4086 4086
4087 4087
4088 4088
4089 4089
4090 4090
4091 4091
4092 4092
4093 3
4094 4094
4095 3
4096 3
4097 4097
4098 3
4099 4099
4100 4100
4101 4101
4102 4102
4103 3
4104 4104
4105 4105
4106 4106
4107 3
4108 4108
4109 3
4110 4110
4111 3
4112 3
4113 3
4114 3
4115 4115
4116 4116
4117 4117
4118 4118
4119 4119
4120 4120
4121 3
4122 3
4123 4123
4124 3
4125 4125
4126 4126
4127 4127
4128 4128
4129 4129
4130 4130
4131 4131
4132 4132
4133 4133
4134 4134
4135 4135
4136 4136
4137 3
4138 4138
4139 3
4140 3
4141 4141
4142 4142
4143 4143
4144 4144
4145 4145
4146 3
4147 4147
4148 4148
4149 4149
4150 4150
4151 4151
4152 3
4153 4153
4154 3
4155 4155
4156 4156
4157 3
4158 3
4159 3
4160 3
4161 4161
4162 4162
4163 4163
4164 3
4165 4165
4166 4166
4167 3
4168 4168
4169 4169
4170 4170
4171 4171
4172 4172
4173 4173
4174 3
4175 4175
4176 3
4177 4177
4178 4178
4179 3
4180 3
4181 4181
4182 4182
4183 3
4184 4184
4185 4185
4186 4186
4187 3
4188 4188
4189 3
4190 4190
4191 3
4192 4192
4193 3
4194 3
4195 4195
4196 3
4197 3
4198 3
4199 4199
4200 3
4201 4201
4202 4202
4203 3
4204 3
4205 4205
4206 3
4207 3
4208 3
4209 4209
4210 4210
4211 3
4212 4212
4213 3
4214 4214
4215 3
4216 3
4217 3
4218 4218
4219 4219
4220 3
4221 4221
4222 3
4223 4223
4224 4224
4225 4225
4226 4226
4227 3
4228 3
4229 4229
4230 3
4231 4231
4232 3
4233 4233
4234 3
4235 3
4236 4236
4237 4237
4238 4238
4239 3
4240 4240
4241 4241
4242 3
4243 4243
4244 3
4245 3
4246 3
4247 4247
4248 4248
4249 4249
4250 4250
4251 4251
4252 3
4253 4253
4254 4254
4255 3
4256 4256
4257 3
4258 4258
4259 4259
4260 3
4261 4261
4262 4262
4263 3
4264 4264
4265 4265
4266 4266
4267 4267
4268 4268
4269 4269
4270 4270
4271 4271
4272 4272
4273 4273
4274 3
4275 3
4276 3
4277 3
4278 4278
4279 3
4280 3
4281 4281
4282 3
4283 4283
4284 4284
4285 3
4286 4286
4287 4287
4288 4288
4289 4289
4290 4290
4291 4291
4292 3
4293 3
4294 4294
4295 3
4296 4296
4297 3
4298 3
4299 4299
4300 3
4301 3
4302 4302
4303 3
4304 4304
4305 4305
4306 3
4307 4307
4308 3
4309 4309
4310 4310
4311 4311
4312 3
4313 4313
4314 4314
4315 4315
4316 4316
4317 4317
4318 4318
4319 3
4320 4320
4321 4321
4322 4322
4323 4323
4324 3
4325 4325
4326 4326
4327 4327
4328 4328
4329 4329
4330 3
4331 4331
4332 3
4333 4333
4334 3
4335 4335
4336 4336
4337 3
4338 3
4339 4339
4340 3
4341 4341
4342 4342
4343 3
4344 3
4345 4345
4346 4346
4347 4347
4348 4348
4349 4349
4350 4350
4351 4351
4352 4352
4353 3
4354 4354
4355 3
4356 3
4357 4357
4358 3
4359 3
4360 3
4361 4361
4362 3
4363 4363
4364 4364
4365 4365
4366 4366
4367 4367
4368 4368
4369 3
4370 4370
4371 4371
4372 4372
4373 4373
4374 4374
4375 4375
4376 4376
4377 4377
4378 3
4379 4379
4380 4380
4381 3
4382 3
4383 4383
4384 4384
4385 4385
4386 4386
4387 4387
4388 3
4389 3
4390 3
4391 4391
4392 4392
4393 4393
4394 4394
4395 4395
4396 4396
4397 4397
4398 4398
4399 3
4400 3
4401 4401
4402 3
4403 3
4404 4404
4405 3
4406 4406
4407 3
4408 4408
4409 4409
4410 4410
4411 4411
4412 4412
4413 4413
4414 4414
4415 4415
4416 3
4417 3
4418 4418
4419 3
4420 3
4421 3
4422 4422
4423 3
4424 3
4425 4425
4426 4426
4427 4427
4428 3
4429 4429
4430 4430
4431 3
4432 3
4433 3
4434 3
4435 4435
4436 4436
4437 4437
4438 3
4439 4439
4440 4440
4441 3
4442 3
4443 3
4444 3
4445 3
4446 3
4447 3
4448 4448
4449 3
4450 4450
4451 4451
4452 3
4453 4453
4454 4454
4455 4455
4456 3
4457 4457
4458 4458
4459 3
4460 4460
4461 4461
4462 4462
4463 3
4464 4464
4465 3
4466 4466
4467 3
4468 4468
4469 3
4470 3
4471 4471
4472 3
4473 4473
4474 4474
4475 4475
4476 4476
4477 4477
4478 3
4479 3
4480 4480
4481 4481
4482 3
4483 4483
4484 4484
4485 4485
4486 4486
4487 3
4488 4488
4489 3
4490 3
4491 4491
4492 3
4493 4493
4494 4494
4495 4495
4496 4496
4497 4497
4498 4498
4499 4499
4500 4500
4501 4501
4502 3
4503 4503
4504 4504
4505 4505
4506 4506
4507 4507
4508 3
4509 4509
4510 3
4511 4511
4512 4512
4513 3
4514 4514
4515 4515
4516 3
4517 4517
4518 4518
4519 4519
4520 4520
4521 4521
4522 4522
4523 4523
4524 4524
4525 4525
4526 4526
4527 4527
4528 4528
4529 4529
4530 4530
4531 4531
4532 3
4533 3
4534 4534
4535 4535
4536 3
4537 4537
4538 4538
4539 3
4540 4540
4541 3
4542 4542
4543 4543
4544 4544
4545 4545
4546 4546
4547 4547
4548 4548
4549 4549
4550 4550
4551 3
4552 3
4553 3
4554 4554
4555 4555
4556 4556
4557 3
4558 4558
4559 4559
4560 4560
4561 4561
4562 4562
4563 4563
4564 4564
4565 4565
4566 3
4567 3
4568 3
4569 3
4570 4570
4571 4571
4572 4572
4573 4573
4574 3
4575 4575
4576 4576
4577 3
4578 4578
4579 4579
4580 4580
4581 4581
4582 4582
4583 3
4584 4584
4585 3
4586 4586
4587 3
4588 4588
4589 4589
4590 4590
4591 4591
4592 4592
4593 3
4594 4594
4595 4595
4596 3
4597 4597
4598 3
4599 4599
4600 4600
4601 4601
4602 4602
4603 4603
4604 4604
4605 4605
4606 3
4607 4607
4608 4608
4609 4609
4610 4610
4611 4611
4612 4612
4613 4613
4614 4614
4615 4615
4616 4616
4617 3
4618 4618
4619 3
4620 4620
4621 4621
4622 4622
4623 4623
4624 4624
4625 4625
4626 4626
4627 4627
4628 3
4629 3
4630 4630
4631 4631
4632 4632
4633 3
4634 4634
4635 4635
4636 3
4637 4637
4638 3
4639 3
4640 4640
4641 4641
4642 4642
4643 3
4644 4644
4645 4645
4646 4646
4647 4647
4648 4648
4649 4649
4650 3
4651 4651
4652 4652
4653 4653
4654 3
4655 4655
4656 4656
4657 4657
4658 3
4659 4659
4660 4660
4661 4661
4662 3
4663 4663
4664 3
4665 3
4666 3
4667 3
4668 4668
4669 3
4670 4670
4671 4671
4672 4672
4673 4673
4674 4674
4675 4675
4676 3
4677 4677
4678 4678
4679 4679
4680 4680
4681 4681
4682 4682
4683 4683
4684 3
4685 4685
4686 3
4687 4687
4688 4688
4689 3
4690 4690
4691 4691
4692 3
4693 3
4694 3
4695 3
4696 4696
4697 4697
4698 4698
4699 4699
4700 4700
4701 4701
4702 4702
4703 4703
4704 4704
4705 3
4706 4706
4707 4707
4708 4708
4709 4709
4710 4710
4711 4711
4712 4712
4713 4713
4714 4714
4715 4715
4716 4716
4717 4717
4718 4718
4719 4719
4720 3
4721 3
4722 4722
4723 3
4724 3
4725 3
4726 3
4727 4727
4728 3
4729 3
4730 3
4731 3
4732 3
4733 3
4734 3
4735 3
4736 4736
4737 4737
4738 3
4739 3
4740 3
4741 3
4742 4742
4743 4743
4744 4744
4745 4745
4746 3
4747 4747
4748 3
4749 4749
4750 4750
4751 3
4752 3
4753 4753
4754 3
4755 3
4756 4756
4757 4757
4758 3
4759 4759
4760 4760
4761 3
4762 4762
4763 4763
4764 4764
4765 4765
4766 3
4767 4767
4768 3
4769 3
4770 4770
4771 3
4772 4772
4773 4773
4774 4774
4775 4775
4776 4776
4777 4777
4778 3
4779 4779
4780 4780
4781 3
4782 3
4783 3
4784 3
4785 4785
4786 4786
4787 4787
4788 3
4789 4789
4790 3
4791 4791
4792 3
4793 3
4794 4794
4795 4795
4796 4796
4797 4797
4798 3
4799 3
4800 3
4801 4801
4802 4802
4803 3
4804 4804
4805 3
4806 4806
4807 4807
4808 4808
4809 4809
4810 3
4811 3
4812 4812
4813 3
4814 4814
4815 3
4816 4816
4817 4817
4818 4818
4819 4819
4820 4820
4821 4821
4822 3
4823 4823
4824 4824
4825 3
4826 3
4827 4827
4828 4828
4829 4829
4830 4830
4831 4831
4832 4832
4833 3
4834 4834
4835 4835
4836 4836
4837 4837
4838 4838
4839 3
4840 4840
4841 4841
4842 3
4843 4843
4844 4844
4845 4845
4846 3
4847 3
4848 4848
4849 4849
4850 4850
4851 4851
4852 3
4853 4853
4854 4854
4855 4855
4856 3
4857 3
4858 4858
4859 4859
4860 4860
4861 4861
4862 4862
4863 4863
4864 3
4865 4865
4866 4866
4867 3
4868 4868
4869 4869
4870 4870
4871 4871
4872 4872
4873 4873
4874 3
4875 3
4876 4876
4877 4877
4878 4878
4879 4879
4880 3
4881 4881
4882 4882
4883 4883
4884 4884
4885 4885
4886 4886
4887 4887
4888 4888
4889 4889
4890 3
4891 3
4892 3
4893 4893
4894 4894
4895 4895
4896 3
4897 4897
4898 4898
4899 4899
4900 3
4901 4901
4902 3
4903 3
4904 4904
4905 4905
4906 4906
4907 4907
4908 3
4909 4909
4910 4910
4911 4911
4912 4912
4913 4913
4914 3
4915 4915
4916 4916
4917 4917
4918 4918
4919 4919
4920 4920
4921 4921
4922 4922
4923 4923
4924 4924
4925 4925
4926 4926
4927 4927
4928 4928
4929 4929
4930 4930
4931 4931
4932 3
4933 4933
4934 4934
4935 3
4936 4936
4937 3
4938 4938
4939 4939
4940 3
4941 4941
4942 4942
4943 4943
4944 3
4945 4945
4946 4946
4947 4947
4948 4948
4949 3
4950 4950
4951 3
4952 4952
4953 4953
4954 4954
4955 4955
4956 4956
4957 4957
4958 4958
4959 4959
4960 4960
4961 4961
4962 4962
4963 4963
4964 4964
4965 4965
4966 4966
4967 3
4968 4968
4969 4969
4970 4970
4971 4971
4972 4972
4973 3
4974 4974
4975 4975
4976 4976
4977 4977
4978 4978
4979 4979
4980 4980
4981 4981
4982 4982
4983 4983
4984 4984
4985 4985
4986 3
4987 4987
4988 3
4989 4989
4990 4990
4991 4991
4992 4992
4993 4993
4994 4994
4995 3
4996 4996
4997 4997
4998 4998
4999 3
5000 5000
5001 5001
5002 5002
5003 3
5004 5004
5005 5005
5006 5006
5007 3
5008 3
5009 5009
5010 5010
5011 5011
5012 3
5013 5013
5014 3
5015 5015
5016 3
5017 5017
5018 5018
5019 5019
5020 5020
5021 5021
5022 5022
5023 5023
5024 5024
5025 5025
5026 3
5027 5027
5028 3
5029 3
5030 3
5031 5031
5032 5032
5033 5033
5034 5034
5035 3
5036 5036
5037 5037
5038 5038
5039 5039
5040 3
5041 5041
5042 5042
5043 5043
5044 3
5045 3
5046 5046
5047 5047
5048 5048
5049 5049
5050 5050
5051 5051
5052 3
5053 3
5054 5054
5055 5055
5056 5056
5057 5057
5058 3
5059 5059
5060 5060
5061 5061
5062 5062
5063 3
5064 5064
5065 3
5066 3
5067 3
5068 5068
5069 3
5070 5070
5071 5071
5072 5072
5073 3
5074 3
5075 3
5076 5076
5077 5077
5078 3
5079 5079
5080 5080
5081 5081
5082 3
5083 3
5084 5084
5085 5085
5086 5086
5087 5087
5088 5088
5089 3
5090 3
5091 5091
5092 5092
5093 5093
5094 5094
5095 5095
5096 3
5097 5097
5098 5098
5099 5099
5100 5100
5101 5101
5102 3
5103 5103
5104 3
5105 5105
5106 3
5107 5107
5108 5108
5109 5109
5110 3
5111 5111
5112 5112
5113 3
5114 5114
5115 5115
5116 5116
5117 5117
5118 5118
5119 5119
5120 5120
5121 5121
5122 5122
5123 5123
5124 5124
5125 5125
5126 5126
5127 5127
5128 5128
5129 3
5130 5130
5131 3
5132 5132
5133 5133
5134 5134
5135 3
5136 5136
5137 3
5138 5138
5139 5139
5140 5140
5141 5141
5142 5142
5143 5143
5144 5144
5145 5145
5146 5146
5147 3
5148 5148
5149 3
5150 5150
5151 3
5152 3
5153 5153
5154 3
5155 5155
5156 5156
5157 5157
5158 3
5159 5159
5160 3
5161 5161
5162 5162
5163 3
5164 5164
5165 5165
5166 5166
5167 3
5168 3
5169 5169
5170 5170
5171 3
5172 5172
5173 5173
5174 5174
5175 3
5176 5176
5177 3
5178 5178
5179 5179
5180 5180
5181 5181
5182 5182
5183 3
5184 5184
5185 5185
5186 5186
5187 3
5188 5188
5189 5189
5190 5190
5191 3
5192 5192
5193 5193
5194 5194
5195 3
5196 3
5197 3
5198 5198
5199 5199
5200 3
5201 3
5202 3
5203 5203
5204 5204
5205 5205
5206 3
5207 3
5208 5208
5209 5209
5210 5210
5211 3
5212 5212
5213 3
5214 3
5215 5215
5216 5216
5217 5217
5218 5218
5219 5219
5220 3
5221 3
5222 5222
5223 5223
5224 3
5225 5225
5226 3
5227 3
5228 3
5229 5229
5230 5230
5231 5231
5232 5232
5233 5233
5234 5234
5235 5235
5236 3
5237 5237
5238 3
5239 5239
5240 5240
5241 3
5242 5242
5243 5243
5244 5244
5245 3
5246 5246
5247 5247
5248 5248
5249 5249
5250 5250
5251 3
5252 5252
5253 3
5254 3
5255 3
5256 5256
5257 3
5258 5258
5259 5259
5260 5260
5261 5261
5262 5262
5263 3
5264 5264
5265 5265
5266 5266
5267 3
5268 5268
5269 5269
5270 3
5271 5271
5272 3
5273 3
5274 5274
5275 5275
5276 3
5277 3
5278 5278
5279 3
5280 5280
5281 3
5282 5282
5283 5283
5284 5284
5285 3
5286 5286
5287 5287
5288 5288
5289 5289
5290 5290
5291 5291
5292 5292
5293 5293
5294 3
5295 5295
5296 3
5297 5297
5298 5298
5299 5299
5300 5300
5301 5301
5302 5302
5303 5303
5304 3
5305 5305
5306 3
5307 5307
5308 5308
5309 5309
5310 5310
5311 5311
5312 5312
5313 5313
5314 5314
5315 3
5316 5316
5317 5317
5318 3
5319 5319
5320 5320
5321 3
5322 5322
5323 5323
5324 5324
5325 5325
5326 3
5327 5327
5328 5328
5329 5329
5330 5330
5331 5331
5332 3
5333 5333
5334 5334
5335 5335
5336 5336
5337 5337
5338 3
5339 3
5340 5340
5341 5341
5342 5342
5343 3
5344 5344
5345 5345
5346 5346
5347 3
5348 5348
5349 5349
5350 5350
5351 5351
5352 3
5353 5353
5354 5354
5355 5355
5356 3
5357 5357
5358 5358
5359 3
5360 5360
5361 3
5362 5362
5363 5363
5364 5364
5365 5365
5366 3
5367 5367
5368 5368
5369 5369
5370 5370
5371 5371
5372 5372
5373 3
5374 5374
5375 5375
5376 5376
5377 5377
5378 3
5379 5379
5380 5380
5381 5381
5382 5382
5383 5383
5384 5384
5385 3
5386 3
5387 5387
5388 5388
5389 3
5390 5390
5391 5391
5392 5392
5393 5393
5394 5394
5395 5395
5396 5396
5397 5397
5398 5398
5399 5399
5400 5400
5401 5401
5402 5402
5403 5403
5404 3
5405 5405
5406 3
5407 5407
5408 5408
5409 5409
5410 3
5411 5411
5412 5412
5413 3
5414 3
5415 5415
5416 5416
5417 3
5418 3
5419 5419
5420 5420
5421 3
5422 5422
5423 3
5424 5424
5425 3
5426 5426
5427 5427
5428 5428
5429 3
5430 5430
5431 5431
5432 3
5433 5433
5434 5434
5435 5435
5436 5436
5437 5437
5438 5438
5439 5439
5440 3
5441 5441
5442 5442
5443 3
5444 5444
5445 5445
5446 5446
5447 5447
5448 5448
5449 5449
5450 5450
5451 5451
5452 3
5453 5453
5454 5454
5455 5455
5456 5456
5457 3
5458 3
5459 3
5460 5460
5461 5461
5462 5462
5463 5463
5464 3
5465 5465
5466 5466
5467 5467
5468 5468
5469 5469
5470 5470
5471 5471
5472 3
5473 5473
5474 5474
5475 5475
5476 5476
5477 5477
5478 3
5479 3
5480 5480
5481 5481
5482 5482
5483 5483
5484 5484
5485 5485
5486 3
5487 5487
5488 5488
5489 5489
5490 5490
5491 5491
5492 3
5493 5493
5494 5494
5495 3
5496 5496
5497 3
5498 3
5499 3
5500 5500
5501 5501
5502 5502
5503 5503
5504 3
5505 5505
5506 5506
5507 5507
5508 3
5509 5509
5510 3
5511 5511
5512 5512
5513 5513
5514 5514
5515 3
5516 5516
5517 5517
5518 5518
5519 5519
5520 5520
5521 5521
5522 5522
5523 5523
5524 5524
5525 5525
5526 5526
5527 5527
5528 3
5529 3
5530 5530
5531 3
5532 3
5533 5533
5534 5534
5535 3
5536 5536
5537 5537
5538 5538
5539 5539
5540 5540
5541 5541
5542 3
5543 3
5544 5544
5545 3
5546 5546
5547 5547
5548 3
5549 5549
5550 5550
5551 5551
5552 3
5553 5553
5554 5554
5555 5555
5556 5556
5557 5557
5558 5558
5559 5559
5560 5560
5561 5561
5562 5562
5563 5563
5564 5564
5565 3
5566 5566
5567 5567
5568 5568
5569 5569
5570 5570
5571 5571
5572 3
5573 5573
5574 5574
5575 5575
5576 5576
5577 5577
5578 3
5579 5579
5580 3
5581 5581
5582 5582
5583 5583
5584 5584
5585 3
5586 5586
5587 5587
5588 5588
5589 3
5590 3
5591 5591
5592 5592
5593 5593
5594 5594
5595 5595
5596 5596
5597 3
5598 5598
5599 5599
5600 5600
5601 5601
5602 3
5603 3
5604 5604
5605 5605
5606 5606
5607 5607
5608 3
5609 5609
5610 5610
5611 5611
5612 5612
5613 3
5614 5614
5615 3
5616 3
5617 5617
5618 3
5619 3
5620 5620
5621 5621
5622 5622
5623 3
5624 5624
5625 3
5626 3
5627 5627
5628 5628
5629 3
5630 3
5631 5631
5632 5632
5633 5633
5634 5634
5635 5635
5636 5636
5637 5637
5638 5638
5639 5639
5640 5640
5641 5641
5642 5642
5643 5643
5644 3
5645 3
5646 5646
5647 5647
5648 5648
5649 5649
5650 3
5651 3
5652 5652
5653 3
5654 3
5655 5655
5656 5656
5657 3
5658 5658
5659 5659
5660 5660
5661 5661
5662 5662
5663 5663
5664 5664
5665 5665
5666 5666
5667 5667
5668 5668
5669 5669
5670 3
5671 5671
5672 5672
5673 5673
5674 5674
5675 3
5676 5676
5677 3
5678 5678
5679 5679
5680 3
5681 5681
5682 3
5683 5683
5684 5684
5685 5685
5686 5686
5687 5687
5688 5688
5689 5689
5690 5690
5691 5691
5692 5692
5693 5693
5694 5694
5695 3
5696 5696
5697 5697
5698 5698
5699 5699
5700 5700
5701 3
5702 5702
5703 5703
5704 5704
5705 5705
5706 5706
5707 3
5708 5708
5709 5709
5710 5710
5711 5711
5712 5712
5713 5713
5714 5714
5715 5715
5716 3
5717 5717
5718 5718
5719 5719
5720 3
5721 5721
5722 5722
5723 5723
5724 3
5725 5725
5726 3
5727 3
5728 5728
5729 3
5730 5730
5731 5731
5732 5732
5733 5733
5734 5734
5735 3
5736 5736
5737 5737
5738 5738
5739 5739
5740 5740
5741 5741
5742 3
5743 5743
5744 5744
5745 5745
5746 5746
5747 5747
5748 5748
5749 5749
5750 3
5751 3
5752 5752
5753 3
5754 3
5755 5755
5756 5756
5757 5757
5758 5758
5759 3
5760 5760
5761 3
5762 5762
5763 3
5764 5764
5765 5765
5766 5766
5767 5767
5768 5768
5769 5769
5770 5770
5771 5771
5772 5772
5773 5773
5774 5774
5775 3
5776 5776
5777 5777
5778 5778
5779 5779
5780 5780
5781 5781
5782 5782
5783 3
5784 5784
5785 3
5786 5786
5787 5787
5788 3
5789 5789
5790 5790
5791 5791
5792 3
5793 3
5794 3
5795 5795
5796 5796
5797 5797
5798 5798
5799 5799
5800 5800
5801 5801
5802 5802
5803 5803
5804 3
5805 5805
5806 5806
5807 5807
5808 5808
5809 3
5810 5810
5811 3
5812 5812
5813 5813
5814 5814
5815 5815
5816 5816
5817 5817
5818 5818
5819 3
5820 3
5821 3
5822 5822
5823 5823
5824 3
5825 5825
5826 5826
5827 3
5828 3
5829 3
5830 3
5831 3
5832 5832
5833 5833
5834 3
5835 5835
5836 5836
5837 5837
5838 5838
5839 5839
5840 5840
5841 5841
5842 5842
5843 5843
5844 5844
5845 5845
5846 5846
5847 5847
5848 5848
5849 5849
5850 5850
5851 5851
5852 5852
5853 5853
5854 3
5855 3
5856 5856
5857 5857
5858 5858
5859 5859
5860 5860
5861 5861
5862 5862
5863 5863
5864 5864
5865 5865
5866 5866
5867 5867
5868 5868
5869 5869
5870 5870
5871 5871
5872 5872
5873 5873
5874 5874
5875 5875
5876 5876
5877 5877
5878 5878
5879 5879
5880 5880
5881 3
5882 3
5883 5883
5884 5884
5885 5885
5886 3
5887 3
5888 5888
5889 5889
5890 3
5891 5891
5892 3
5893 3
5894 5894
5895 3
5896 5896
5897 3
5898 5898
5899 3
5900 5900
5901 3
5902 5902
5903 5903
5904 5904
5905 3
5906 5906
5907 3
5908 5908
5909 3
5910 5910
5911 5911
5912 5912
5913 5913
5914 5914
5915 3
5916 5916
5917 5917
5918 5918
5919 5919
5920 5920
5921 3
5922 5922
5923 5923
5924 3
5925 3
5926 5926
5927 5927
5928 3
5929 5929
5930 5930
5931 3
5932 5932
5933 5933
5934 5934
5935 5935
5936 3
5937 5937
5938 5938
5939 3
5940 5940
5941 3
5942 5942
5943 5943
5944 3
5945 5945
5946 5946
5947 5947
5948 5948
5949 5949
5950 3
5951 3
5952 3
5953 5953
5954 5954
5955 5955
5956 3
5957 3
5958 5958
5959 5959
5960 3
5961 3
5962 3
5963 5963
5964 5964
5965 3
5966 5966
5967 5967
5968 5968
5969 5969
5970 3
5971 5971
5972 5972
5973 5973
5974 5974
5975 5975
5976 3
5977 3
5978 3
5979 5979
5980 3
5981 3
5982 3
5983 5983
5984 5984
5985 5985
5986 5986
5987 3
5988 3
5989 5989
5990 3
5991 5991
5992 5992
5993 5993
5994 3
5995 3
5996 5996
5997 5997
5998 5998
5999 5999
6000 6000
6001 6001
6002 6002
6003 6003
6004 3
6005 6005
6006 3
6007 6007
6008 6008
6009 6009
6010 6010
6011 6011
6012 3
6013 6013
6014 6014
6015 3
6016 3
6017 6017
6018 6018
6019 6019
6020 6020
6021 6021
6022 6022
6023 3
6024 6024
6025 6025
6026 6026
6027 6027
6028 6028
6029 6029
6030 6030
6031 6031
6032 6032
6033 6033
6034 6034
6035 6035
6036 3
6037 6037
6038 3
6039 3
6040 6040
6041 6041
6042 6042
6043 6043
6044 6044
6045 3
6046 3
6047 3
6048 6048
6049 3
6050 3
6051 6051
6052 6052
6053 6053
6054 6054
6055 6055
6056 6056
6057 6057
6058 6058
6059 6059
6060 3
6061 6061
6062 3
6063 3
6064 6064
6065 6065
6066 3
6067 3
6068 6068
6069 3
6070 3
6071 3
6072 6072
6073 6073
6074 6074
6075 6075
6076 6076
6077 3
6078 3
6079 3
6080 6080
6081 3
6082 6082
6083 6083
6084 6084
6085 6085
6086 6086
6087 6087
6088 3
6089 6089
6090 6090
6091 6091
6092 3
6093 3
6094 3
6095 3
6096 3
6097 6097
6098 6098
6099 3
6100 6100
6101 6101
6102 3
6103 6103
6104 6104
6105 6105
6106 6106
6107 6107
6108 3
6109 6109
6110 3
6111 3
6112 6112
6113 6113
6114 3
6115 6115
6116 6116
6117 6117
6118 6118
6119 6119
6120 6120
6121 6121
6122 6122
6123 3
6124 3
6125 3
6126 6126
6127 6127
6128 6128
6129 6129
6130 6130
6131 6131
6132 3
6133 6133
6134 6134
6135 6135
6136 6136
6137 6137
6138 3
6139 3
6140 6140
6141 3
6142 6142
6143 6143
6144 6144
6145 6145
6146 6146
6147 6147
6148 6148
6149 6149
6150 6150
6151 6151
6152 3
6153 6153
6154 6154
6155 6155
6156 6156
6157 6157
6158 6158
6159 6159
6160 6160
6161 6161
6162 6162
6163 6163
6164 6164
6165 3
6166 6166
6167 6167
6168 6168
6169 3
6170 3
6171 3
6172 6172
6173 6173
6174 3
6175 3
6176 6176
6177 6177
6178 6178
6179 6179
6180 3
6181 3
6182 6182
6183 6183
6184 6184
6185 6185
6186 3
6187 6187
6188 6188
6189 6189
6190 6190
6191 3
6192 6192
6193 3
6194 6194
6195 6195
6196 3
6197 6197
6198 6198
6199 6199
6200 6200
6201 6201
6202 6202
6203 6203
6204 6204
6205 6205
6206 6206
6207 6207
6208 6208
6209 6209
6210 6210
6211 6211
6212 6212
6213 6213
6214 6214
6215 6215
6216 6216
6217 6217
6218 6218
6219 6219
6220 6220
6221 6221
6222 6222
6223 6223
6224 6224
6225 6225
6226 6226
6227 6227
6228 6228
6229 3
6230 6230
6231 6231
6232 6232
6233 6233
6234 3
6235 6235
6236 6236
6237 6237
6238 6238
6239 3
6240 6240
6241 3
6242 6242
6243 6243
6244 3
6245 3
6246 6246
6247 6247
6248 6248
6249 3
6250 6250
6251 3
6252 3
6253 6253
6254 6254
6255 6255
6256 6256
6257 6257
6258 3
6259 6259
6260 6260
6261 6261
6262 3
6263 6263
6264 3
6265 6265
6266 3
6267 6267
6268 6268
6269 3
6270 6270
6271 6271
6272 6272
6273 3
6274 6274
6275 6275
6276 3
6277 3
6278 6278
6279 3
6280 6280
6281 6281
6282 6282
6283 6283
6284 6284
6285 6285
6286 6286
6287 6287
6288 3
6289 6289
6290 6290
6291 6291
6292 6292
6293 3
6294 6294
6295 6295
6296 3
6297 6297
6298 6298
6299 6299
6300 6300
